TRT000001;land;121;131;193;5302.11;2084.71
TRT000002;land;214;66;27;2005.72;2074.91
TRT000003;land;207;21;45;5455.17;2694.83
TRT000004;land;185;241;225;2548.17;1295.86
TRT000005;land;171;206;5;5772.53;2214.72
TRT000006;land;113;137;132;6152.72;2013.19
TRT000007;land;241;160;175;3810.75;1807.76
TRT000008;land;184;83;60;5143.63;2711.27
TRT000009;land;107;222;246;2359.86;3762.11
TRT000010;land;198;244;67;3357.54;3242.52
TRT000011;land;34;32;204;6005.14;2320.9
TRT000012;land;156;64;249;1225.1;2161.0
TRT000013;land;229;221;209;3870.09;2250.77
TRT000014;land;38;212;167;4019.47;2447.74
TRT000015;land;238;177;180;5798.61;2558.09
TRT000016;land;137;145;210;5073.68;2156.7
TRT000017;land;189;216;27;4945.41;2409.66
TRT000018;land;228;102;54;6967.56;1894.35
TRT000019;land;150;107;91;4019.22;1868.52
TRT000020;land;228;71;66;374.64;1591.24
TRT000021;land;77;199;98;1523.43;3132.28
TRT000022;land;197;93;168;4656.75;2822.08
TRT000023;land;9;177;108;2286.67;3637.22
TRT000024;land;97;84;192;5562.19;2484.54
TRT000025;land;129;41;218;5280.45;1782.29
TRT000026;land;220;125;141;5739.34;1482.34
TRT000027;land;0;178;54;1497.32;2446.31
TRT000028;land;170;218;56;4932.02;2330.58
TRT000029;land;239;12;153;2641.56;1942.85
TRT000030;land;27;60;193;5212.51;2810.51
TRT000031;land;140;231;126;3714.04;3327.28
TRT000032;land;224;41;219;4720.84;2125.43
TRT000033;land;225;113;97;3654.71;2892.32
TRT000034;land;16;1;30;3951.85;3016.17
TRT000035;land;26;86;211;3767.04;878.2
TRT000036;land;98;46;108;2268.99;4306.15
TRT000037;land;40;180;161;3503.65;2941.01
TRT000038;land;63;124;82;4258.31;2028.67
TRT000039;land;250;128;59;5198.13;1904.88
TRT000040;land;143;186;5;6662.14;2079.79
TRT000041;land;170;244;212;6159.03;2073.01
TRT000042;land;22;198;167;4559.3;2394.42
TRT000043;land;129;166;102;1856.64;2436.71
TRT000044;land;170;31;209;3046.89;1469.47
TRT000045;land;236;146;187;5555.3;1374.89
TRT000046;land;128;231;56;3895.44;2363.75
TRT000047;land;24;189;139;6462.73;1853.02
TRT000048;land;33;99;127;4308.32;2931.72
TRT000049;land;10;92;218;776.92;1736.33
TRT000050;land;200;201;182;5285.78;2320.38
TRT000051;land;98;241;239;5310.81;2488.44
TRT000052;land;246;157;65;3523.73;2431.04
TRT000053;land;193;2;173;4642.45;2775.9
TRT000054;land;79;56;77;4256.77;2131.32
TRT000055;land;246;213;186;1841.26;1861.95
TRT000056;land;93;185;101;3444.73;3173.36
TRT000057;land;16;175;209;1973.81;3534.94
TRT000058;land;130;79;145;4096.35;2273.39
TRT000059;land;201;150;190;5146.25;2480.85
TRT000060;land;44;83;100;3315.83;2989.64
TRT000061;land;108;95;192;5486.21;2393.91
TRT000062;land;114;155;145;5757.63;2469.97
TRT000063;land;116;143;235;5455.07;2297.62
TRT000064;land;130;241;220;5388.01;1849.01
TRT000065;land;44;12;152;5028.57;1979.33
TRT000066;land;241;236;65;4001.61;2284.07
TRT000067;land;200;106;143;460.13;1616.9
TRT000068;land;124;123;139;5402.92;2972.32
TRT000069;land;13;148;172;5162.46;2879.35
TRT000070;land;165;97;82;1988.28;2631.8
TRT000071;land;243;64;120;2195.16;4069.76
TRT000072;land;243;214;153;4358.23;2335.52
TRT000073;land;209;126;200;1610.09;2707.29
TRT000074;land;50;228;95;6245.05;1487.67
TRT000075;land;169;54;51;4488.65;2319.52
TRT000076;land;144;206;120;4240.4;2347.53
TRT000077;land;15;201;162;5175.66;2416.23
TRT000078;land;187;107;48;4087.75;3369.2
TRT000079;land;27;235;227;4700.65;1817.87
TRT000080;land;232;188;0;5163.91;2113.63
TRT000081;land;14;111;10;673.96;1765.09
TRT000082;land;183;255;167;2223.44;1893.4
TRT000083;land;191;81;141;5944.39;2111.07
TRT000084;land;167;187;44;1357.49;1900.76
TRT000085;land;182;11;238;1558.28;2374.3
TRT000086;land;245;157;47;5971.79;1760.0
TRT000087;land;157;146;4;4212.58;2940.47
TRT000088;land;128;52;240;5441.82;3020.67
TRT000089;land;219;147;64;6815.23;1992.83
TRT000090;land;167;95;24;1922.41;2957.58
TRT000091;land;188;72;91;3863.71;3795.42
TRT000092;land;114;153;245;1387.15;2658.77
TRT000093;land;244;252;160;6174.64;2451.94
TRT000094;land;11;61;249;1747.94;3197.59
TRT000095;land;115;138;14;1608.85;2212.51
TRT000096;land;211;186;208;319.51;1663.36
TRT000097;land;35;172;24;4571.49;2945.22
TRT000098;land;85;241;188;1601.23;1788.05
TRT000099;land;245;129;193;4260.33;2998.66
TRT000100;land;196;213;31;4608.59;2775.27
TRT000101;land;79;241;178;4687.73;1197.16
TRT000102;land;113;40;138;4722.13;2782.83
TRT000103;land;141;80;19;3806.18;1971.35
TRT000104;land;180;214;87;6676.87;1694.11
TRT000105;land;71;163;253;6493.11;2041.86
TRT000106;land;140;251;110;5051.99;2210.43
TRT000107;land;26;166;233;6673.67;1861.86
TRT000108;land;1;219;244;4209.45;1646.37
TRT000109;land;142;139;84;1611.11;2058.85
TRT000110;land;153;238;162;4277.58;3233.08
TRT000111;land;121;39;185;3438.49;2983.73
TRT000112;land;49;29;198;5686.43;2718.55
TRT000113;land;73;18;194;884.84;1891.83
TRT000114;land;41;186;228;4000.92;3231.15
TRT000115;land;160;179;62;5305.6;3056.61
TRT000116;land;60;44;128;5162.87;1765.45
TRT000117;land;33;224;69;2058.42;2564.68
TRT000118;land;100;238;163;5720.72;2344.44
TRT000119;land;109;244;152;3519.6;3273.86
TRT000120;land;83;218;63;5013.88;2529.96
TRT000121;land;69;162;97;6005.8;2722.28
TRT000122;land;221;211;44;4627.82;2864.33
TRT000123;land;3;174;151;2067.98;3339.85
TRT000124;land;225;201;212;1387.82;2975.24
TRT000125;land;115;218;26;4153.75;2291.0
TRT000126;land;77;1;23;4960.16;2000.74
TRT000127;land;130;15;154;2110.27;2172.23
TRT000128;land;181;168;188;4401.54;1856.2
TRT000129;land;142;98;47;1154.42;1751.44
TRT000130;land;185;116;94;3443.59;2299.76
TRT000131;land;119;165;78;2511.49;3827.93
TRT000132;land;219;36;40;4771.39;2477.09
TRT000133;land;133;249;10;4042.51;2237.71
TRT000134;land;200;247;104;4887.26;2628.89
TRT000135;land;122;140;225;1013.91;1868.09
TRT000136;land;252;32;158;5064.42;2283.51
TRT000137;land;125;219;60;5586.43;2349.98
TRT000138;land;164;146;184;4287.57;3400.38
TRT000139;land;113;106;195;1326.56;1838.15
TRT000140;land;160;170;179;3358.92;3023.87
TRT000141;land;100;188;193;1469.54;2051.6
TRT000142;land;4;5;135;1184.4;2151.64
TRT000143;land;236;105;172;5348.8;2755.41
TRT000144;land;80;202;80;2297.17;855.56
TRT000145;land;134;153;15;5367.1;2798.83
TRT000146;land;224;204;121;3659.78;2359.74
TRT000147;land;14;253;114;5239.99;2373.45
TRT000148;land;24;163;113;1424.57;2643.09
TRT000149;land;79;20;210;1885.2;578.41
TRT000150;land;133;1;147;4219.53;2863.56
TRT000151;land;186;125;249;1589.43;2430.66
TRT000152;land;175;55;92;4205.17;3456.58
TRT000153;land;178;239;158;1597.46;1389.84
TRT000154;land;77;149;145;5078.13;2421.01
TRT000155;land;29;79;249;2288.66;3400.16
TRT000156;land;249;35;16;4445.07;2653.93
TRT000157;land;9;67;215;1103.88;2531.99
TRT000158;land;107;248;15;2088.28;2232.48
TRT000159;land;224;207;111;5520.57;2467.23
TRT000160;land;15;141;101;2614.98;1400.32
TRT000161;land;253;119;154;2470.81;3705.83
TRT000162;land;136;18;228;3367.42;2941.82
TRT000163;land;114;206;11;2753.96;937.55
TRT000164;land;143;18;30;5851.57;2591.86
TRT000165;land;149;118;226;4572.48;2636.23
TRT000166;land;237;183;13;5024.43;2119.52
TRT000167;land;196;29;254;1921.7;2446.86
TRT000168;land;99;69;28;5627.21;1145.44
TRT000169;land;231;121;141;4303.75;3307.5
TRT000170;land;203;201;159;5013.43;2767.64
TRT000171;land;204;26;182;1233.98;2436.6
TRT000172;land;85;43;191;582.01;1827.04
TRT000173;land;213;17;190;6077.9;2412.22
TRT000174;land;90;235;11;2604.88;1865.16
TRT000175;land;191;144;10;5601.88;1981.22
TRT000176;land;56;232;158;5294.75;2932.92
TRT000177;land;176;124;94;705.99;1932.26
TRT000178;land;143;194;32;5166.55;1431.18
TRT000179;land;251;235;35;6316.66;2029.0
TRT000180;land;61;147;146;4409.34;3214.6
TRT000181;land;178;201;231;3384.55;2584.25
TRT000182;land;201;42;11;4954.59;3113.89
TRT000183;land;248;243;230;1597.61;2757.53
TRT000184;land;92;4;83;6327.92;1838.38
TRT000185;land;72;56;230;6277.48;3614.18
TRT000186;land;2;140;12;1263.22;2055.15
TRT000187;land;146;65;150;5734.37;2127.15
TRT000188;land;109;24;232;5158.0;2979.18
TRT000189;land;102;124;225;3937.53;2864.47
TRT000190;land;77;136;10;2070.92;2287.24
TRT000191;land;27;248;38;5746.03;1581.26
TRT000192;land;211;168;11;5970.23;2249.76
TRT000193;land;161;129;213;1681.73;2599.62
TRT000194;land;240;221;59;4779.7;2350.84
TRT000195;land;67;8;42;1804.98;2696.0
TRT000196;land;65;225;91;5564.98;2397.89
TRT000197;land;239;239;214;1744.26;2558.02
TRT000198;land;102;204;232;1218.79;1327.32
TRT000199;land;108;172;233;2549.53;1400.63
TRT000200;land;9;165;60;5064.03;1707.59
TRT000201;land;76;253;34;3619.19;2448.1
TRT000202;land;47;88;109;6057.07;1709.73
TRT000203;land;81;199;241;5325.32;2804.54
TRT000204;land;189;137;229;1277.61;1404.29
TRT000205;land;138;232;135;5924.98;1455.39
TRT000206;land;137;220;178;1564.35;3117.43
TRT000207;land;27;70;65;3454.1;3264.21
TRT000208;land;228;244;216;1097.32;1448.78
TRT000209;land;179;72;154;1292.16;2768.62
TRT000210;land;68;184;162;4290.75;1851.19
TRT000211;land;40;114;18;5449.43;3141.69
TRT000212;land;1;146;203;5980.71;2064.72
TRT000213;land;44;166;109;4264.75;1953.42
TRT000214;land;0;24;95;3037.28;1324.92
TRT000215;land;221;233;52;4185.46;2471.92
TRT000216;land;250;235;57;4947.64;2047.41
TRT000217;land;189;219;253;5703.83;2965.83
TRT000218;land;149;251;230;1221.77;1884.04
TRT000219;land;38;176;173;4334.35;3101.5
TRT000220;land;202;228;144;4435.73;1778.13
TRT000221;land;91;116;124;5000.09;2816.85
TRT000222;land;104;96;88;1566.9;2519.28
TRT000223;land;87;227;133;4397.31;2895.35
TRT000224;land;211;138;130;3970.15;3377.42
TRT000225;land;220;154;143;1662.14;1250.26
TRT000226;land;228;172;214;3783.39;2714.23
TRT000227;land;104;127;65;5554.91;3256.38
TRT000228;land;168;169;147;1173.38;2433.96
TRT000229;land;137;225;88;5932.57;1801.71
TRT000230;land;152;2;225;4966.29;2510.87
TRT000231;land;52;140;29;1157.78;1371.4
TRT000232;land;166;148;219;3736.15;1867.19
TRT000233;land;25;24;19;4762.97;2421.74
TRT000234;land;116;204;78;5442.27;2629.46
TRT000235;land;172;127;254;5474.03;2989.93
TRT000236;land;137;211;243;3954.1;2950.45
TRT000237;land;200;122;52;6615.66;2171.91
TRT000238;land;166;105;72;4147.54;2186.0
TRT000239;land;212;3;63;5505.09;2271.73
TRT000240;land;227;168;99;6390.94;1465.3
TRT000241;land;114;56;34;4767.52;1870.47
TRT000242;land;189;22;112;1377.7;1511.01
TRT000243;land;230;120;166;5117.36;2031.0
TRT000244;land;251;23;144;1294.02;2439.76
TRT000245;land;252;104;108;1924.42;2759.35
TRT000246;land;182;64;138;4424.98;2778.99
TRT000247;land;79;194;64;5298.18;2753.0
TRT000248;land;134;167;233;1269.36;1493.99
TRT000249;land;181;242;254;6433.47;1670.79
TRT000250;land;101;52;184;5185.63;2372.91
TRT000251;land;24;141;250;2179.79;2317.6
TRT000252;land;216;144;234;4268.94;3461.18
TRT000253;land;149;65;108;2223.51;2283.7
TRT000254;land;74;113;231;3349.17;2584.61
TRT000255;land;45;206;236;6585.7;2262.83
TRT000256;land;113;183;172;5283.58;1681.05
TRT000257;land;193;191;111;5317.36;1877.28
TRT000258;land;128;89;245;4631.22;2620.58
TRT000259;land;51;153;44;2599.32;1732.27
TRT000260;land;242;238;22;1432.92;1412.31
TRT000261;land;122;87;144;1340.25;2653.01
TRT000262;land;191;215;158;6293.02;2361.11
TRT000263;land;215;86;33;5133.62;2420.0
TRT000264;land;29;97;138;4404.08;2553.25
TRT000265;land;191;80;174;1831.68;2515.69
TRT000266;land;102;52;16;3625.68;2543.48
TRT000267;land;146;148;237;5810.87;2458.37
TRT000268;land;172;246;14;1318.14;2741.87
TRT000269;land;237;79;141;5806.8;2649.71
TRT000270;land;147;99;196;3794.08;3700.28
TRT000271;land;252;200;172;3212.45;3051.61
TRT000272;land;26;111;35;3221.16;3118.26
TRT000273;land;35;49;100;4271.27;2509.94
TRT000274;land;134;249;32;1982.96;2370.86
TRT000275;land;56;236;235;5210.41;2439.28
TRT000276;land;164;210;103;4886.75;1667.0
TRT000277;land;28;131;197;2588.46;1963.58
TRT000278;land;134;178;111;5799.28;2759.02
TRT000279;land;147;12;129;4196.93;2276.98
TRT000280;land;99;255;122;6030.77;2099.92
TRT000281;land;129;113;211;4808.32;2669.32
TRT000282;land;197;159;125;4395.1;2298.4
TRT000283;land;34;190;195;1107.04;2584.49
TRT000284;land;62;161;108;2183.31;3558.55
TRT000285;land;189;10;115;4509.55;1750.24
TRT000286;land;77;109;60;1913.98;2401.34
TRT000287;land;237;217;161;1354.16;2611.78
TRT000288;land;57;187;101;463.89;1976.4
TRT000289;land;170;215;87;1292.74;2569.91
TRT000290;land;68;100;118;5797.63;2602.72
TRT000291;land;13;49;33;6099.91;2293.29
TRT000292;land;254;187;13;1397.05;2549.36
TRT000293;land;25;177;134;5136.14;2793.83
TRT000294;land;29;165;17;4783.15;1981.96
TRT000295;land;45;36;109;4058.65;1941.47
TRT000296;land;22;170;57;5905.86;1636.07
TRT000297;land;49;19;178;1312.37;2185.38
TRT000298;land;123;132;141;5527.64;1830.58
TRT000299;land;207;182;39;2092.53;1642.96
TRT000300;land;12;171;192;5348.5;2342.76
TRT000301;land;60;102;38;1178.61;2648.58
TRT000302;land;205;194;221;1744.57;2638.27
TRT000303;land;105;54;223;5008.81;2286.25
TRT000304;land;196;143;216;3869.52;1854.71
TRT000305;land;81;183;190;2363.04;3503.61
TRT000306;land;208;14;22;4690.01;1982.68
TRT000307;land;248;162;114;1339.8;1978.64
TRT000308;land;160;175;171;2157.06;3353.39
TRT000309;land;151;59;8;872.21;1647.22
TRT000310;land;34;132;8;4599.45;1871.79
TRT000311;land;89;38;59;4837.71;2390.48
TRT000312;land;3;140;217;3716.2;2508.17
TRT000313;land;80;161;55;4556.66;2860.48
TRT000314;land;118;236;173;2906.75;846.35
TRT000315;land;163;201;27;4555.93;1910.87
TRT000316;land;2;255;118;5054.1;1800.38
TRT000317;land;51;239;229;2452.56;3916.61
TRT000318;land;30;245;213;4624.15;2206.15
TRT000319;land;231;54;201;4894.28;1842.13
TRT000320;land;76;208;68;3392.75;2716.41
TRT000321;land;97;168;32;4614.28;2152.31
TRT000322;land;25;79;75;6091.81;1937.68
TRT000323;land;210;71;176;4237.86;2292.39
TRT000324;land;122;62;74;2297.36;3463.11
TRT000325;land;3;119;152;2681.03;800.43
TRT000326;land;56;12;252;5909.91;2286.05
TRT000327;land;99;163;136;3418.57;2242.0
TRT000328;land;70;237;125;4137.63;2240.39
TRT000329;land;173;60;208;4652.4;1766.01
TRT000330;land;130;251;35;4687.3;2944.54
TRT000331;land;26;87;195;1223.87;2096.95
TRT000332;land;108;33;116;5251.44;1611.25
TRT000333;land;76;235;106;5370.91;1901.83
TRT000334;land;160;113;9;2133.75;4356.28
TRT000335;land;32;83;27;5854.64;2354.31
TRT000336;land;97;241;233;6281.03;1729.33
TRT000337;land;83;7;63;4690.94;1899.16
TRT000338;land;137;192;147;578.37;1962.29
TRT000339;land;5;74;160;4122.27;3017.22
TRT000340;land;13;212;37;2230.02;2245.19
TRT000341;land;241;156;35;2543.99;1776.97
TRT000342;land;200;153;190;4330.3;2546.57
TRT000343;land;4;201;147;2007.46;1832.18
TRT000344;land;45;178;47;4062.19;2414.89
TRT000345;land;75;166;23;5993.53;1858.81
TRT000346;land;140;60;174;4771.2;2104.88
TRT000347;land;175;71;91;4372.01;2754.0
TRT000348;land;63;54;135;5704.36;2260.1
TRT000349;land;198;91;59;5158.75;2066.68
TRT000350;land;86;229;236;2158.25;1669.38
TRT000351;land;152;165;51;2262.96;3543.16
TRT000352;land;68;71;6;5751.03;1811.88
TRT000353;land;39;201;107;4019.38;3336.45
TRT000354;land;182;158;13;4382.14;2823.51
TRT000355;land;124;53;35;3515.55;2308.62
TRT000356;land;5;71;2;5267.67;2549.18
TRT000357;land;160;71;50;1884.03;1228.32
TRT000358;land;190;155;177;5001.22;2416.97
TRT000359;land;127;113;29;5326.58;1816.6
TRT000360;land;227;237;213;2056.09;1972.43
TRT000361;land;184;97;223;1127.27;2116.58
TRT000362;land;191;36;43;4912.13;2295.78
TRT000363;land;22;243;50;6013.29;2489.69
TRT000364;land;142;13;28;5027.01;2711.49
TRT000365;land;24;194;155;4685.22;2508.01
TRT000366;land;7;36;54;4832.62;2121.41
TRT000367;land;189;95;66;534.11;1729.47
TRT000368;land;254;83;146;6040.95;2206.4
TRT000369;land;196;204;254;2219.3;1076.74
TRT000370;land;88;212;165;5038.65;2959.81
TRT000371;land;241;83;105;4933.15;2788.72
TRT000372;land;153;179;157;5958.31;2527.66
TRT000373;land;148;240;197;4567.94;2321.89
TRT000374;land;193;30;70;1390.68;2367.41
TRT000375;land;72;238;190;4870.55;2170.38
TRT000376;land;93;121;222;1305.77;1567.09
TRT000377;land;205;80;10;3971.48;3276.52
TRT000378;land;167;144;203;4702.12;2604.76
TRT000379;land;176;158;132;3223.26;3225.29
TRT000380;land;142;55;188;4979.16;2364.73
TRT000381;land;200;206;164;4231.53;3522.78
TRT000382;land;5;68;246;4919.55;2880.04
TRT000383;land;69;9;217;4515.03;1666.12
TRT000384;land;42;115;64;5359.85;2506.91
TRT000385;land;238;82;206;5206.76;2262.82
TRT000386;land;86;59;242;3695.59;2745.51
TRT000387;land;92;90;111;1584.75;2941.19
TRT000388;land;127;49;52;2253.65;2058.23
TRT000389;land;44;2;163;2637.81;3896.52
TRT000390;land;164;162;20;1803.31;2256.66
TRT000391;land;44;1;25;4944.68;2709.76
TRT000392;land;235;64;114;5497.23;1919.82
TRT000393;land;175;97;82;3799.8;3891.8
TRT000394;land;69;203;166;3846.15;4025.62
TRT000395;land;116;18;193;5190.31;2661.26
TRT000396;land;162;97;113;5367.47;1493.12
TRT000397;land;234;109;237;2086.98;3508.87
TRT000398;land;233;206;144;4439.42;2945.09
TRT000399;land;246;174;12;1675.54;2217.92
TRT000400;land;202;50;81;2171.73;4208.68
TRT000401;land;110;177;53;2016.99;2005.75
TRT000402;land;185;67;37;1316.65;2019.14
TRT000403;land;169;45;18;4409.37;3315.67
TRT000404;land;236;77;149;4510.19;3077.03
TRT000405;land;89;227;49;4022.15;1761.81
TRT000406;land;209;18;201;3959.29;2005.65
TRT000407;land;46;40;176;4418.75;1906.26
TRT000408;land;90;153;0;1805.11;1417.91
TRT000409;land;33;79;147;5402.39;2882.03
TRT000410;land;92;116;239;1859.83;2797.86
TRT000411;land;54;29;44;1224.39;2704.86
TRT000412;land;220;179;133;6349.65;1942.13
TRT000413;land;71;11;134;5015.59;2644.72
TRT000414;land;252;113;102;4771.59;2784.46
TRT000415;land;91;196;155;1826.73;2360.89
TRT000416;land;162;0;185;5082.06;1996.93
TRT000417;land;43;243;41;6650.27;1768.75
TRT000418;land;135;81;86;2900.74;1181.74
TRT000419;land;198;249;209;1413.45;1888.72
TRT000420;land;158;199;31;1524.08;2776.12
TRT000421;land;36;46;70;2220.52;3466.76
TRT000422;land;65;158;37;5745.63;2783.3
TRT000423;land;131;153;134;3549.7;2856.66
TRT000424;land;81;190;0;6877.27;1744.17
TRT000425;land;56;22;3;1852.55;1815.41
TRT000426;land;19;138;231;5460.24;2140.99
TRT000427;land;254;139;100;4681.12;2981.15
TRT000428;land;71;163;66;1251.35;1581.16
TRT000429;land;23;141;219;5107.38;2864.27
TRT000430;land;30;191;51;5371.68;3025.42
TRT000431;land;198;14;178;5765.52;2819.73
TRT000432;land;193;168;4;6329.5;1671.17
TRT000433;land;69;94;55;5262.72;3020.64
TRT000434;land;226;59;145;4575.83;2008.57
TRT000435;land;170;195;193;1192.13;2759.38
TRT000436;land;207;65;137;3056.55;912.58
TRT000437;land;147;63;39;5786.74;2951.96
TRT000438;land;236;219;152;4069.94;2092.35
TRT000439;land;116;248;181;4436.44;2476.92
TRT000440;land;33;249;237;1940.73;2550.5
TRT000441;land;151;52;25;4455.4;2260.88
TRT000442;land;139;109;154;4086.6;1993.71
TRT000443;land;44;16;243;1722.43;808.94
TRT000444;land;176;211;145;1824.93;2650.17
TRT000445;land;50;134;145;1607.04;2520.4
TRT000446;land;17;186;0;3884.08;2416.02
TRT000447;land;123;163;55;4488.98;3170.53
TRT000448;land;192;8;11;3846.23;3147.25
TRT000449;land;218;227;67;6127.08;1507.58
TRT000450;land;5;126;252;2291.0;2180.57
TRT000451;land;191;102;76;4652.77;2658.75
TRT000452;land;157;245;71;4255.88;2178.67
TRT000453;land;186;47;140;4820.03;2585.27
TRT000454;land;101;28;244;3243.76;2994.57
TRT000455;land;186;104;111;4120.07;3187.03
TRT000456;land;90;120;119;1969.81;2713.19
TRT000457;land;71;97;75;1698.56;2545.23
TRT000458;land;72;157;179;1357.2;2760.3
TRT000459;land;96;222;43;3878.44;3918.07
TRT000460;land;53;4;191;2112.28;3787.03
TRT000461;land;253;216;182;4062.39;2458.51
TRT000462;land;168;224;9;4761.87;2582.78
TRT000463;land;181;233;90;1098.77;1381.54
TRT000464;land;37;141;79;2002.56;2452.09
TRT000465;land;64;228;47;5936.34;2053.05
TRT000466;land;128;46;139;6123.61;1977.87
TRT000467;land;49;135;213;5676.45;2506.41
TRT000468;land;18;203;112;1089.68;1723.21
TRT000469;land;0;129;71;5284.05;2153.79
TRT000470;land;222;118;123;4112.63;3600.31
TRT000471;land;72;101;243;1778.14;2293.64
TRT000472;land;71;138;85;2176.22;2243.25
TRT000473;land;83;197;95;6100.04;1653.76
TRT000474;land;67;204;87;3855.88;3395.86
TRT000475;land;108;14;75;4068.19;3133.14
TRT000476;land;198;9;95;5180.14;2607.09
TRT000477;land;159;214;32;2125.27;2481.02
TRT000478;land;54;113;160;2959.4;969.77
TRT000479;land;180;66;225;4346.01;2495.81
TRT000480;land;199;189;5;1390.65;2893.63
TRT000481;land;142;221;108;1523.42;1772.68
TRT000482;land;6;185;3;1511.75;2880.67
TRT000483;land;49;28;54;5314.71;2182.32
TRT000484;land;246;14;198;4992.5;2563.23
TRT000485;land;238;138;38;5830.46;2304.26
TRT000486;land;92;204;92;6200.1;2007.55
TRT000487;land;148;133;79;2756.95;1752.64
TRT000488;land;240;3;138;5670.22;2181.52
TRT000489;land;247;161;150;5606.43;2466.17
TRT000490;land;129;75;111;4232.05;2251.02
TRT000491;land;90;195;117;4393.33;1971.4
TRT000492;land;250;150;212;2609.2;1603.86
TRT000493;land;246;221;192;2119.2;2051.03
TRT000494;land;147;229;144;4752.53;2918.79
TRT000495;land;4;157;191;2560.21;1907.81
TRT000496;land;42;237;177;2049.95;1582.91
TRT000497;land;47;118;40;4562.86;2269.44
TRT000498;land;120;199;126;2120.12;2324.78
TRT000499;land;201;241;68;6349.66;1988.02
TRT000500;land;168;145;105;1867.24;2237.11
TRT000501;land;230;255;110;4863.38;2893.42
TRT000502;land;53;35;87;3397.97;2652.41
TRT000503;land;66;105;183;446.34;2048.9
TRT000504;land;225;3;12;3583.33;3080.17
TRT000505;land;207;217;78;1376.42;1846.06
TRT000506;land;151;77;120;1915.29;2791.27
TRT000507;land;182;68;9;4211.84;1918.77
TRT000508;land;130;216;62;3874.06;2458.76
TRT000509;land;250;96;131;1445.31;2183.83
TRT000510;land;66;146;106;4102.87;3698.15
TRT000511;land;193;242;204;1589.39;2143.55
TRT000512;land;87;45;181;4142.81;1797.96
TRT000513;land;248;97;94;709.92;1826.27
TRT000514;land;229;173;89;6513.83;1713.07
TRT000515;land;35;168;249;5524.21;2955.88
TRT000516;land;54;20;183;1091.74;2281.67
TRT000517;land;150;200;178;3835.83;2262.06
TRT000518;land;68;55;165;2672.28;1653.42
TRT000519;land;174;41;78;5646.87;1813.94
TRT000520;land;73;70;176;1886.86;3323.83
TRT000521;land;39;202;206;4891.98;2740.32
TRT000522;land;108;3;95;5998.8;1496.47
TRT000523;land;71;2;178;5236.58;1732.78
TRT000524;land;22;25;46;5568.0;2450.27
TRT000525;land;180;190;186;1039.7;2374.65
TRT000526;land;139;86;64;5483.84;1675.89
TRT000527;land;232;131;101;1101.26;1845.9
TRT000528;land;3;225;87;88.11;1799.57
TRT000529;land;48;31;128;4936.87;2158.68
TRT000530;land;75;160;186;4318.59;2170.19
TRT000531;land;135;213;61;4363.49;3370.42
TRT000532;land;204;42;183;2034.4;2127.12
TRT000533;land;154;144;209;5083.56;2460.62
TRT000534;land;182;124;7;5706.32;1861.98
TRT000535;land;68;251;40;1144.06;1445.86
TRT000536;land;221;52;124;2661.13;1896.89
TRT000537;land;68;91;216;5808.56;1487.56
TRT000538;land;34;134;44;3872.28;1692.83
TRT000539;land;65;4;176;5471.57;2757.05
TRT000540;land;84;66;55;6447.94;1974.74
TRT000541;land;86;187;17;5660.45;2237.35
TRT000542;land;245;250;193;6100.41;2106.74
TRT000543;land;203;118;46;6452.53;1915.98
TRT000544;land;52;84;179;3948.83;2358.3
TRT000545;land;90;51;195;4683.95;2880.91
TRT000546;land;76;195;231;4111.35;3094.38
TRT000547;land;77;8;214;4192.41;2046.67
TRT000548;land;85;51;3;5050.92;1458.83
TRT000549;land;99;18;89;881.68;2147.32
TRT000550;land;250;82;202;1097.04;2338.77
TRT000551;land;46;246;54;4174.94;3043.01
TRT000552;land;13;31;254;1766.28;3118.45
TRT000553;land;163;181;137;5484.81;2458.6
TRT000554;land;167;253;244;1638.34;2682.86
TRT000555;land;103;55;241;2236.21;3337.02
TRT000556;land;123;187;61;6115.55;1738.93
TRT000557;land;144;209;248;1578.69;2667.31
TRT000558;land;115;167;142;4752.19;1938.6
TRT000559;land;33;211;112;4549.52;2753.46
TRT000560;land;208;121;148;1069.08;1671.36
TRT000561;land;54;179;35;5519.73;2508.02
TRT000562;land;73;165;11;6399.71;1948.42
TRT000563;land;59;46;7;1798.28;2809.37
TRT000564;land;10;169;238;3921.12;3335.31
TRT000565;land;171;121;105;2071.07;2393.33
TRT000566;land;157;248;181;5351.15;1957.67
TRT000567;land;81;167;247;1194.79;1354.57
TRT000568;land;190;192;57;1999.12;1429.87
TRT000569;land;83;205;250;4559.19;2790.89
TRT000570;land;52;184;40;3954.51;2190.5
TRT000571;land;247;178;124;2481.07;3531.45
TRT000572;land;152;154;237;4692.01;2706.84
TRT000573;land;190;41;192;4121.46;3261.38
TRT000574;land;52;130;212;1090.33;2684.41
TRT000575;land;243;22;199;5865.99;2013.35
TRT000576;land;12;207;239;5323.61;1577.45
TRT000577;land;109;167;200;2982.79;480.5
TRT000578;land;211;93;222;5034.81;2389.57
TRT000579;land;244;64;31;1765.46;2373.76
TRT000580;land;54;11;139;6158.01;1935.65
TRT000581;land;19;144;40;3858.0;2312.39
TRT000582;land;180;59;214;3757.31;2847.76
TRT000583;land;64;18;214;1455.95;3030.46
TRT000584;land;82;241;184;4600.74;3088.27
TRT000585;land;30;72;59;4788.27;2180.05
TRT000586;land;212;63;232;1450.38;2538.52
TRT000587;land;240;77;2;3864.04;1771.93
TRT000588;land;30;255;252;1022.04;1723.06
TRT000589;land;124;166;171;3640.12;2416.74
TRT000590;land;139;179;7;2240.88;2127.53
TRT000591;land;2;76;185;1604.13;1616.72
TRT000592;land;91;19;134;1021.7;1586.22
TRT000593;land;255;172;64;5456.66;2350.98
TRT000594;land;144;68;126;3635.0;2838.46
TRT000595;land;216;151;159;5245.68;2029.84
TRT000596;land;191;163;164;2039.29;2193.26
TRT000597;land;176;193;204;1931.9;1023.98
TRT000598;land;20;251;83;5851.41;2631.8
TRT000599;land;230;180;253;4929.62;2546.94
TRT000600;land;74;54;139;1773.2;2603.02
TRT000601;land;74;211;203;4472.58;2795.67
TRT000602;land;50;69;243;1897.65;1860.69
TRT000603;land;12;50;120;1587.44;3014.25
TRT000604;land;50;59;101;5491.16;2181.03
TRT000605;land;57;28;246;5650.68;2877.18
TRT000606;land;178;198;115;5231.83;2609.82
TRT000607;land;252;165;182;5249.6;2965.83
TRT000608;land;94;131;66;4817.2;2893.51
TRT000609;land;229;180;190;4960.48;2104.07
TRT000610;land;118;89;240;5827.87;2806.03
TRT000611;land;219;183;118;5509.42;2907.36
TRT000612;land;175;40;124;5058.43;2648.3
TRT000613;land;91;213;219;3276.46;3297.99
TRT000614;land;187;19;28;2482.27;1459.74
TRT000615;land;217;254;90;2724.39;3631.56
TRT000616;land;100;101;238;4716.92;2661.06
TRT000617;land;165;4;25;5213.87;1667.48
TRT000618;land;43;137;199;5732.56;2723.8
TRT000619;land;88;36;144;1211.0;2545.82
TRT000620;land;219;235;254;2294.03;3338.17
TRT000621;land;73;133;166;5598.53;2611.38
TRT000622;land;93;47;75;1641.05;2097.73
TRT000623;land;194;11;187;417.48;1834.76
TRT000624;land;68;7;196;4924.81;2475.8
TRT000625;land;96;105;120;4794.23;2741.15
TRT000626;land;207;116;55;6213.94;2099.24
TRT000627;land;225;39;9;2176.38;1810.76
TRT000628;land;16;249;240;4414.64;2633.14
TRT000629;land;182;226;201;6539.15;1929.95
TRT000630;land;88;144;84;1320.98;1716.76
TRT000631;land;43;225;137;5639.01;2954.23
TRT000632;land;92;20;116;6182.23;1559.06
TRT000633;land;161;21;99;5570.45;2563.78
TRT000634;land;89;237;236;3935.99;1777.45
TRT000635;land;178;226;79;2162.69;1914.54
TRT000636;land;50;95;158;5425.47;2182.24
TRT000637;land;39;99;50;5167.19;1701.28
TRT000638;land;219;78;107;4921.26;2941.88
TRT000639;land;225;233;98;4120.42;1851.99
TRT000640;land;249;146;88;4378.85;2037.58
TRT000641;land;194;18;125;5993.95;1405.83
TRT000642;land;60;142;187;4612.37;1298.77
TRT000643;land;134;5;214;6595.89;1699.6
TRT000644;land;133;166;175;4570.56;2210.3
TRT000645;land;32;157;58;5158.2;1357.4
TRT000646;land;152;109;247;1608.53;2613.84
TRT000647;land;7;142;224;6790.23;1893.8
TRT000648;land;19;170;93;2758.68;706.39
TRT000649;land;163;179;56;1584.19;2323.03
TRT000650;land;254;122;156;2637.22;1472.0
TRT000651;land;228;26;54;5289.14;2259.41
TRT000652;land;136;175;59;4265.44;3724.94
TRT000653;land;45;98;187;3810.0;3012.35
TRT000654;land;79;82;247;2789.69;1075.33
TRT000655;land;53;115;151;4972.77;2608.74
TRT000656;land;8;34;168;6153.77;2263.23
TRT000657;land;66;217;194;1491.38;2710.28
TRT000658;land;119;35;171;4999.92;2889.6
TRT000659;land;251;2;121;5066.29;2491.45
TRT000660;land;106;105;111;790.4;1946.33
TRT000661;land;4;55;114;1547.39;2552.55
TRT000662;land;98;12;105;4307.35;2974.69
TRT000663;land;239;3;11;1024.23;1945.53
TRT000664;land;163;193;101;2071.45;1513.12
TRT000665;land;224;71;9;1432.37;1978.0
TRT000666;land;227;195;65;2880.24;1495.68
TRT000667;land;140;3;173;4401.5;2461.64
TRT000668;land;155;117;195;2593.26;906.19
TRT000669;land;224;17;23;2711.36;3753.86
TRT000670;land;83;54;222;1855.03;2373.69
TRT000671;land;70;112;154;1269.16;2913.85
TRT000672;land;223;156;191;6032.42;2019.27
TRT000673;land;226;254;139;1652.05;1842.27
TRT000674;land;170;88;185;5760.93;1973.83
TRT000675;land;169;47;156;3584.46;2808.86
TRT000676;land;5;68;10;5937.14;3902.69
TRT000677;land;77;7;210;837.34;1912.37
TRT000678;land;164;126;3;3439.54;2200.8
TRT000679;land;167;90;86;2814.44;566.54
TRT000680;land;242;8;64;5525.71;1584.69
TRT000681;land;172;124;55;5323.94;1738.29
TRT000682;land;201;108;252;4911.89;2691.96
TRT000683;land;253;219;75;5362.65;2189.91
TRT000684;land;38;159;32;5907.72;2233.15
TRT000685;land;229;149;145;4888.56;2082.19
TRT000686;land;242;128;239;4459.29;1714.63
TRT000687;land;206;32;139;4224.92;2442.96
TRT000688;land;10;0;17;3950.03;2286.43
TRT000689;land;76;40;131;2095.01;2362.35
TRT000690;land;176;240;40;6170.95;4141.52
TRT000691;land;72;209;117;2529.88;1833.59
TRT000692;land;161;8;201;1784.23;2481.06
TRT000693;land;201;234;83;4970.98;2209.58
TRT000694;land;233;136;53;4137.35;3338.78
TRT000695;land;30;18;35;1410.88;2051.32
TRT000696;land;97;140;57;6294.82;2562.73
TRT000697;land;193;21;249;1971.77;2459.24
TRT000698;land;212;168;22;4132.39;2724.15
TRT000699;land;244;184;237;3556.1;2379.52
TRT000700;land;60;65;174;3951.44;1642.17
TRT000701;land;19;236;180;3475.62;2251.1
TRT000702;land;31;31;208;1211.82;2008.17
TRT000703;land;248;117;224;3619.57;3195.94
TRT000704;land;169;97;93;6174.2;1632.74
TRT000705;land;57;119;219;5143.22;1947.65
TRT000706;land;212;4;55;1627.14;2321.13
TRT000707;land;80;162;196;4089.49;2161.01
TRT000708;land;105;116;104;1538.27;1928.31
TRT000709;land;209;171;220;5340.77;2574.11
TRT000710;land;104;58;164;1597.99;1927.5
TRT000711;land;89;132;228;2666.43;1851.02
TRT000712;land;31;95;154;4336.04;2299.29
TRT000713;land;125;92;161;5009.99;2477.11
TRT000714;land;241;142;115;4151.29;1670.09
TRT000715;land;95;67;244;458.89;1879.4
TRT000716;land;99;215;148;2690.57;1806.07
TRT000717;land;8;142;88;4903.97;2983.49
TRT000718;land;191;212;141;5425.51;1340.37
TRT000719;land;131;191;34;3883.69;3689.06
TRT000720;land;251;55;207;5085.24;2095.65
TRT000721;land;153;95;162;4111.1;2457.48
TRT000722;land;102;120;44;3864.69;892.37
TRT000723;land;187;67;249;4986.95;1901.67
TRT000724;land;75;23;226;2447.21;1175.55
TRT000725;land;3;145;27;5789.97;2266.87
TRT000726;land;9;85;124;5120.67;2525.86
TRT000727;land;21;95;73;5041.87;3302.26
TRT000728;land;185;231;123;5368.43;2026.48
TRT000729;land;37;168;233;2661.03;1600.67
TRT000730;land;128;60;115;5631.77;1722.19
TRT000731;land;158;97;84;4129.85;2326.18
TRT000732;land;29;169;12;1299.15;2084.5
TRT000733;land;210;12;107;1409.21;2498.46
TRT000734;land;81;183;78;5003.37;2163.25
TRT000735;land;62;95;237;4305.11;3030.79
TRT000736;land;78;173;119;1883.91;2843.46
TRT000737;land;82;93;103;5599.21;2242.54
TRT000738;land;158;168;139;4304.46;2089.43
TRT000739;land;241;192;230;2863.03;377.83
TRT000740;land;45;70;87;4560.42;2155.77
TRT000741;land;129;53;188;1997.05;2239.76
TRT000742;land;115;186;108;5584.05;2800.02
TRT000743;land;139;39;38;6217.32;1922.51
TRT000744;land;243;142;244;380.97;1764.77
TRT000745;land;189;95;79;1355.54;2840.32
TRT000746;land;154;135;203;1680.05;1112.8
TRT000747;land;10;164;84;2646.03;1536.11
TRT000748;land;148;237;121;2863.86;996.98
TRT000749;land;62;245;162;3909.3;3246.84
TRT000750;land;130;180;84;5439.65;2410.96
TRT000751;land;242;34;82;636.46;1974.4
TRT000752;land;86;198;157;4969.76;2454.75
TRT000753;land;71;42;26;4835.84;2243.67
TRT000754;land;111;171;67;5321.14;2990.88
TRT000755;land;125;191;190;3810.83;2942.13
TRT000756;land;143;68;238;1136.08;2377.98
TRT000757;land;255;178;83;1537.22;2471.62
TRT000758;land;183;232;32;5785.04;2329.65
TRT000759;land;191;36;150;5038.93;3049.54
TRT000760;land;59;242;223;5423.8;3072.38
TRT000761;land;187;155;83;4338.82;2701.25
TRT000762;land;105;55;210;4268.19;2784.92
TRT000763;land;228;244;68;4034.54;2951.28
TRT000764;land;172;251;125;551.44;1651.43
TRT000765;land;244;157;209;3492.09;3368.66
TRT000766;land;222;65;39;4115.14;1733.94
TRT000767;land;101;186;207;4940.88;3040.32
TRT000768;land;178;239;185;980.43;2221.56
TRT000769;land;149;242;3;3786.69;1897.01
TRT000770;land;214;249;57;4383.01;3048.63
TRT000771;land;138;121;107;3315.33;3346.99
TRT000772;land;23;42;31;4051.87;3772.89
TRT000773;land;216;15;212;5603.41;3640.8
TRT000774;land;169;62;64;980.05;1600.6
TRT000775;land;245;66;129;3988.6;3483.5
TRT000776;land;171;21;254;3582.32;2906.61
TRT000777;land;232;156;90;4277.35;3542.84
TRT000778;land;228;67;146;5267.93;2854.16
TRT000779;land;185;101;47;4355.98;2913.7
TRT000780;land;221;92;249;4041.21;2364.06
TRT000781;land;194;116;157;4296.3;2883.03
TRT000782;land;32;12;171;3925.93;2246.75
TRT000783;land;236;61;64;3390.91;2848.05
TRT000784;land;255;94;53;4744.28;2220.37
TRT000785;land;190;113;187;3343.38;2691.33
TRT000786;land;80;255;151;5501.25;2544.41
TRT000787;land;206;23;92;3653.66;2956.72
TRT000788;land;142;57;238;5584.63;1922.58
TRT000789;land;137;23;26;6352.79;1772.58
TRT000790;land;5;180;202;1844.25;2296.62
TRT000791;land;18;233;80;2644.72;1995.73
TRT000792;land;205;149;120;5576.85;2037.11
TRT000793;land;147;165;56;1804.39;2332.38
TRT000794;land;249;111;113;5230.07;2093.52
TRT000795;land;201;162;6;1337.99;1614.67
TRT000796;land;55;117;175;3825.89;2081.39
TRT000797;land;254;86;90;4588.2;2821.58
TRT000798;land;120;80;56;5440.07;2020.25
TRT000799;land;117;114;233;2234.4;2186.71
TRT000800;land;19;87;145;1257.55;2638.05
TRT000801;land;124;20;24;4602.57;2714.58
TRT000802;land;99;255;167;1484.83;2140.25
TRT000803;land;219;139;255;1326.86;1778.2
TRT000804;land;108;216;114;4011.62;2898.31
TRT000805;land;70;3;44;5767.07;1910.82
TRT000806;land;117;117;198;5537.96;3152.84
TRT000807;land;145;179;152;4335.76;2645.22
TRT000808;land;216;109;115;2808.56;1377.19
TRT000809;land;91;179;18;3977.47;1959.64
TRT000810;land;31;102;6;6254.27;2063.04
TRT000811;land;31;201;109;5748.9;3433.33
TRT000812;land;192;148;163;4748.84;2723.4
TRT000813;land;111;70;254;1263.39;1825.15
TRT000814;land;61;131;118;5531.02;2767.69
TRT000815;land;243;163;114;1670.25;1942.38
TRT000816;land;51;181;179;448.34;1540.41
TRT000817;land;184;13;143;3322.69;3082.19
TRT000818;land;165;7;60;4090.02;3885.58
TRT000819;land;190;70;235;2022.44;2404.4
TRT000820;land;169;206;159;1488.72;2376.02
TRT000821;land;59;230;45;4110.33;2409.49
TRT000822;land;183;126;149;1745.4;2417.78
TRT000823;land;3;135;251;1383.9;2084.06
TRT000824;land;219;178;220;1773.53;2765.44
TRT000825;land;97;49;42;6234.93;2278.75
TRT000826;land;229;102;191;3352.14;3124.26
TRT000827;land;19;209;250;3572.31;2982.38
TRT000828;land;44;12;90;1171.95;2574.43
TRT000829;land;204;134;149;3969.61;1585.29
TRT000830;land;48;86;166;4047.37;1545.38
TRT000831;land;44;159;81;5513.95;1100.91
TRT000832;land;177;254;40;5255.14;2910.77
TRT000833;land;29;139;199;5824.61;1949.38
TRT000834;land;248;102;191;2335.77;1096.33
TRT000835;land;176;219;38;5112.57;3040.86
TRT000836;land;104;22;109;6277.94;1966.23
TRT000837;land;113;168;234;2691.45;1182.39
TRT000838;land;50;247;25;5454.07;2228.64
TRT000839;land;201;120;207;2564.13;1469.91
TRT000840;land;57;246;145;1670.13;2450.61
TRT000841;land;220;117;210;6047.8;1861.74
TRT000842;land;102;141;138;4688.55;2282.54
TRT000843;land;241;247;187;6260.63;1852.93
TRT000844;land;100;169;11;5760.11;2042.64
TRT000845;land;83;133;46;1760.74;2206.86
TRT000846;land;119;208;141;4653.02;1679.34
TRT000847;land;57;88;208;2044.68;2657.14
TRT000848;land;14;140;193;1445.46;2099.87
TRT000849;land;238;158;201;5344.06;1665.25
TRT000850;land;107;28;154;3466.71;3083.77
TRT000851;land;73;209;138;5945.86;1549.69
TRT000852;land;54;164;86;6160.96;1864.0
TRT000853;land;38;149;238;3574.13;3341.38
TRT000854;land;14;213;9;4280.69;2338.76
TRT000855;land;236;252;121;3720.94;2926.52
TRT000856;land;106;62;197;4464.38;1829.75
TRT000857;land;251;71;249;1208.46;2623.06
TRT000858;land;39;237;38;5758.91;2164.51
TRT000859;land;4;19;79;4889.11;1996.85
TRT000860;land;229;216;125;1777.03;2577.08
TRT000861;land;214;223;252;4366.88;2438.23
TRT000862;land;222;185;42;3692.84;2177.13
TRT000863;land;166;195;117;5684.98;1650.32
TRT000864;land;161;69;228;1478.15;2249.53
TRT000865;land;22;219;24;2229.51;2332.51
TRT000866;land;204;79;114;4008.91;2084.05
TRT000867;land;152;126;73;3439.46;2593.1
TRT000868;land;98;111;41;4004.01;1930.26
TRT000869;land;150;141;63;1541.4;2422.18
TRT000870;land;237;19;96;1123.57;2235.26
TRT000871;land;2;4;94;6100.98;1886.22
TRT000872;land;219;254;230;4640.72;2729.45
TRT000873;land;78;237;195;920.79;1597.67
TRT000874;land;151;149;250;1249.06;2483.88
TRT000875;land;251;93;230;4926.9;2223.05
TRT000876;land;122;114;247;5570.62;2857.6
TRT000877;land;239;71;43;897.13;1696.81
TRT000878;land;255;123;23;4073.42;1758.93
TRT000879;land;67;129;116;3570.93;2460.34
TRT000880;land;192;44;255;4510.82;2254.7
TRT000881;land;90;68;240;6034.12;1793.44
TRT000882;land;116;163;240;501.51;2014.86
TRT000883;land;231;154;159;5187.57;1847.77
TRT000884;land;119;132;90;5098.88;3133.67
TRT000885;land;65;238;63;4741.31;2281.63
TRT000886;land;253;125;184;4532.79;2911.58
TRT000887;land;215;204;69;5640.89;3010.23
TRT000888;land;178;100;207;1300.52;2827.49
TRT000889;land;100;25;114;5119.62;1675.59
TRT000890;land;20;101;8;6242.93;1560.2
TRT000891;land;181;218;146;2143.43;1576.92
TRT000892;land;168;45;137;6569.5;1772.53
TRT000893;land;142;151;144;2967.08;1452.4
TRT000894;land;112;20;131;4047.8;3386.59
TRT000895;land;135;159;220;1772.32;2670.39
TRT000896;land;130;224;81;5700.51;2422.46
TRT000897;land;73;167;37;4823.42;1828.3
TRT000898;land;39;251;227;3995.6;795.23
TRT000899;land;148;208;144;6341.41;1216.36
TRT000900;land;153;1;129;4877.45;3051.61
TRT000901;land;165;185;144;4342.97;2242.33
TRT000902;land;190;51;210;3961.0;2461.73
TRT000903;land;200;32;218;1511.15;1157.61
TRT000904;land;244;74;81;1916.59;2499.46
TRT000905;land;147;245;146;4418.75;2868.72
TRT000906;land;169;241;218;1171.86;1881.72
TRT000907;land;119;171;127;2542.99;1613.8
TRT000908;land;172;144;33;5894.33;1841.73
TRT000909;land;11;171;159;4713.45;2177.67
TRT000910;land;219;70;105;5721.09;2919.33
TRT000911;land;186;113;61;1349.98;1442.53
TRT000912;land;136;253;149;5940.08;2431.52
TRT000913;land;47;62;89;917.1;1861.59
TRT000914;land;217;185;139;2013.35;2530.2
TRT000915;land;223;45;156;6152.41;2497.64
TRT000916;land;211;47;168;5216.82;2569.6
TRT000917;land;234;55;216;1074.14;2063.01
TRT000918;land;192;67;215;2786.58;1197.6
TRT000919;land;99;243;40;3648.49;2746.52
TRT000920;land;139;98;225;6247.3;1651.79
TRT000921;land;62;68;151;5389.98;2405.18
TRT000922;land;240;107;21;6104.66;1810.57
TRT000923;land;193;252;216;5498.55;2624.62
TRT000924;land;183;226;143;1338.11;2707.71
TRT000925;land;83;237;18;1262.48;2198.67
TRT000926;land;182;110;70;1882.23;1383.07
TRT000927;land;164;212;132;2141.69;2213.51
TRT000928;land;22;90;1;4449.88;1951.43
TRT000929;land;76;64;139;4097.0;2365.04
TRT000930;land;32;84;120;3638.3;3039.07
TRT000931;land;210;116;239;4643.23;1842.82
TRT000932;land;53;232;62;1147.19;1404.0
TRT000933;land;187;16;182;6923.25;1622.14
TRT000934;land;169;83;173;5536.94;2672.14
TRT000935;land;243;64;232;4667.51;2183.3
TRT000936;land;197;79;8;5722.2;2221.73
TRT000937;land;175;104;24;1101.18;2739.57
TRT000938;land;58;207;26;3518.33;2607.5
TRT000939;land;20;244;137;6381.95;1874.44
TRT000940;land;164;124;247;4514.02;1861.11
TRT000941;land;45;127;84;2515.38;4028.06
TRT000942;land;236;89;200;4245.04;2078.8
TRT000943;land;170;235;15;3777.82;3338.49
TRT000944;land;82;101;131;6694.32;1624.66
TRT000945;land;202;129;8;2856.1;1272.48
TRT000946;land;135;70;88;6795.49;1630.12
TRT000947;land;1;103;219;4896.64;1777.97
TRT000948;land;165;161;221;4439.28;2359.13
TRT000949;land;91;137;210;4280.94;2684.49
TRT000950;land;222;82;130;2650.7;1702.41
TRT000951;land;212;199;137;5079.11;2370.94
TRT000952;land;134;49;85;4634.93;2967.8
TRT000953;land;214;63;247;5233.52;2176.09
TRT000954;land;227;127;95;4436.22;3091.13
TRT000955;land;10;52;110;1557.57;2831.25
TRT000956;land;115;112;78;3872.9;3012.93
TRT000957;land;155;98;173;4060.98;1690.04
TRT000958;land;91;151;110;2232.69;2477.32
TRT000959;land;72;156;221;4484.41;1912.23
TRT000960;land;100;14;222;4564.33;3070.62
TRT000961;land;40;114;220;5519.12;2133.54
TRT000962;land;59;75;153;4224.7;3286.61
TRT000963;land;28;69;228;2707.64;1558.48
TRT000964;land;69;107;149;4376.11;2099.61
TRT000965;land;136;13;83;275.93;1796.32
TRT000966;land;200;84;212;2068.44;2429.31
TRT000967;land;54;121;9;6057.7;1979.01
TRT000968;land;103;198;41;1549.18;2073.38
TRT000969;land;82;223;206;4219.36;1987.79
TRT000970;land;108;242;138;1713.04;2379.32
TRT000971;land;54;25;93;2133.94;3311.82
TRT000972;land;44;198;109;3971.55;3952.31
TRT000973;land;69;107;165;5058.23;2524.22
TRT000974;land;160;170;73;5695.41;2772.73
TRT000975;land;217;90;80;5538.63;2215.16
TRT000976;land;47;185;253;5191.54;2485.72
TRT000977;land;209;151;206;1133.92;1681.24
TRT000978;land;53;147;212;4294.7;1910.88
TRT000979;land;218;85;122;5727.3;3018.47
TRT000980;land;78;163;29;5905.88;2462.32
TRT000981;land;136;120;26;4973.16;1838.06
TRT000982;land;169;120;193;3486.88;2659.42
TRT000983;land;90;132;223;2272.46;2112.34
TRT000984;land;63;49;184;4809.53;1117.93
TRT000985;land;169;63;152;5097.35;2676.04
TRT000986;land;137;12;227;1401.86;2816.29
TRT000987;land;37;212;91;3412.94;2149.69
TRT000988;land;5;127;250;4867.62;1496.79
TRT000989;land;207;127;249;4408.09;2339.25
TRT000990;land;240;30;252;1118.7;1997.94
TRT000991;land;128;178;239;2149.28;2514.59
TRT000992;land;5;163;234;3977.4;2516.69
TRT000993;land;152;49;145;2455.33;829.86
TRT000994;land;241;118;44;2900.73;1381.01
TRT000995;land;211;24;152;4605.57;2464.83
TRT000996;land;193;46;72;6019.99;2427.46
TRT000997;land;195;139;72;4568.77;1444.99
TRT000998;land;174;179;86;1287.38;1888.74
TRT000999;land;208;199;44;2716.38;1483.72
TRT001000;land;52;133;217;4171.07;3287.69
TRT001001;land;231;156;209;1190.69;2335.0
TRT001002;land;154;97;198;6068.65;2497.24
TRT001003;land;75;48;149;5848.06;1894.59
TRT001004;land;186;0;30;1872.47;2472.85
TRT001005;land;110;21;245;1265.39;1722.79
TRT001006;land;132;86;49;2100.73;2592.94
TRT001007;land;13;18;183;5086.5;2233.16
TRT001008;land;91;42;123;4432.81;2160.04
TRT001009;land;186;14;155;5255.91;2720.89
TRT001010;land;177;24;171;4582.64;2683.19
TRT001011;land;73;72;20;6097.02;3769.01
TRT001012;land;190;78;34;4037.28;3541.3
TRT001013;land;36;203;119;5429.94;1906.75
TRT001014;land;151;111;117;2213.72;3387.58
TRT001015;land;144;92;82;647.16;1690.95
TRT001016;land;164;58;226;1201.39;2051.79
TRT001017;land;252;235;107;4192.45;3834.54
TRT001018;land;228;152;32;3774.44;2150.58
TRT001019;land;86;55;20;2416.09;1006.62
TRT001020;land;218;148;209;5638.58;2629.84
TRT001021;land;44;95;122;1717.03;2266.18
TRT001022;land;223;0;92;5108.68;1747.68
TRT001023;land;67;86;170;5230.39;1393.79
TRT001024;land;143;82;224;1842.1;2587.64
TRT001025;land;188;210;164;4243.14;2219.63
TRT001026;land;158;43;154;1412.59;2672.07
TRT001027;land;158;7;9;382.19;2041.15
TRT001028;land;149;208;232;5396.16;2347.3
TRT001029;land;142;214;31;1320.35;2326.42
TRT001030;land;94;60;182;6748.37;1980.28
TRT001031;land;229;177;223;2588.54;1669.77
TRT001032;land;109;224;158;6066.47;2834.05
TRT001033;land;153;212;104;4454.42;2005.64
TRT001034;land;155;250;209;5693.29;2133.02
TRT001035;land;50;81;209;1499.52;2199.44
TRT001036;land;96;75;0;5282.55;1930.6
TRT001037;land;101;82;245;2547.41;1535.48
TRT001038;land;114;83;98;3735.94;3418.87
TRT001039;land;133;222;25;5587.6;1793.06
TRT001040;land;77;212;25;5317.27;2540.47
TRT001041;land;225;230;82;5300.03;2439.89
TRT001042;land;192;91;1;5562.81;2520.77
TRT001043;land;172;42;73;4658.89;2435.66
TRT001044;land;68;3;204;2820.63;1699.05
TRT001045;land;182;217;60;6723.08;1905.46
TRT001046;land;5;22;123;2070.65;2478.84
TRT001047;land;34;141;210;4516.68;2822.65
TRT001048;land;185;186;237;1220.27;2381.31
TRT001049;land;240;66;207;5532.46;2581.32
TRT001050;land;87;127;252;5696.98;1773.97
TRT001051;land;24;197;5;5718.54;2537.3
TRT001052;land;164;72;66;4991.71;2999.58
TRT001053;land;74;216;142;5395.84;2142.17
TRT001054;land;74;6;154;5500.64;3038.51
TRT001055;land;117;204;117;1500.58;2079.93
TRT001056;land;171;235;40;2135.68;2278.9
TRT001057;land;215;102;77;4872.99;2305.14
TRT001058;land;254;11;105;3451.46;2644.37
TRT001059;land;164;115;145;4447.68;2209.62
TRT001060;land;23;252;133;4284.16;2825.75
TRT001061;land;249;157;31;3574.91;2559.96
TRT001062;land;217;167;173;4625.29;2302.65
TRT001063;land;108;246;88;1539.15;2008.96
TRT001064;land;207;66;104;4221.54;2807.5
TRT001065;land;236;255;104;5537.07;1958.74
TRT001066;land;245;106;192;1837.87;1678.02
TRT001067;land;12;235;189;4708.64;2458.48
TRT001068;land;20;208;206;5083.33;2736.36
TRT001069;land;138;254;110;1557.88;2622.11
TRT001070;land;33;57;182;6519.55;1987.52
TRT001071;land;184;61;40;3768.15;2904.15
TRT001072;land;201;132;151;4875.37;1573.79
TRT001073;land;112;83;242;4102.91;2035.71
TRT001074;land;134;255;74;6310.79;1582.94
TRT001075;land;229;201;64;1129.7;1612.11
TRT001076;land;120;94;238;4355.73;2868.65
TRT001077;land;185;236;210;5058.93;2895.39
TRT001078;land;228;229;222;4233.23;3619.76
TRT001079;land;26;241;107;5641.63;2490.19
TRT001080;land;155;232;208;5651.73;2366.69
TRT001081;land;147;114;254;2973.57;1214.81
TRT001082;land;151;177;3;4239.81;1835.63
TRT001083;land;133;103;53;3736.64;2996.87
TRT001084;land;56;215;242;3055.35;1143.98
TRT001085;land;143;218;125;5123.07;2260.44
TRT001086;land;185;213;69;5979.18;2002.53
TRT001087;land;127;124;52;1194.28;2473.6
TRT001088;land;24;145;83;3435.94;2119.88
TRT001089;land;46;24;225;524.86;1950.13
TRT001090;land;73;173;122;5398.58;803.92
TRT001091;land;154;19;101;2663.76;1266.84
TRT001092;land;248;5;181;3852.54;3087.29
TRT001093;land;221;191;27;3895.37;3053.45
TRT001094;land;182;187;241;5198.41;2923.77
TRT001095;land;7;117;111;3470.19;2436.64
TRT001096;land;140;246;186;5207.32;2711.27
TRT001097;land;20;118;166;5040.96;2449.83
TRT001098;land;129;132;169;4643.21;2039.3
TRT001099;land;55;14;207;529.31;1874.19
TRT001100;land;119;49;240;2842.38;1581.58
TRT001101;land;55;227;147;5401.31;3189.69
TRT001102;land;97;139;224;2022.65;1684.82
TRT001103;land;108;58;33;5651.57;1563.52
TRT001104;land;231;18;1;4453.75;2303.65
TRT001105;land;246;167;238;1751.44;1388.33
TRT001106;land;75;200;235;3805.22;2392.29
TRT001107;land;196;187;123;4221.19;3171.49
TRT001108;land;221;110;0;1503.15;2510.73
TRT001109;land;153;112;212;5677.34;2615.65
TRT001110;land;186;124;227;5457.06;2519.58
TRT001111;land;214;219;254;5770.06;2725.04
TRT001112;land;53;150;108;4135.05;2635.02
TRT001113;land;204;249;130;4325.69;2827.75
TRT001114;land;45;41;231;4352.06;1893.63
TRT001115;land;4;59;104;5279.98;2810.15
TRT001116;land;51;239;170;3633.59;3265.21
TRT001117;land;202;169;226;5492.36;2856.53
TRT001118;land;239;96;253;2135.88;2404.63
TRT001119;land;221;183;11;4320.55;2406.62
TRT001120;land;162;74;105;4220.68;3743.96
TRT001121;land;55;32;86;5465.13;2571.72
TRT001122;land;202;255;86;5134.42;2569.82
TRT001123;land;66;97;116;2040.22;3726.87
TRT001124;land;225;46;17;5182.4;2011.56
TRT001125;land;152;249;179;2206.59;3791.42
TRT001126;land;61;56;190;4967.61;2946.06
TRT001127;land;33;211;47;4747.17;2021.91
TRT001128;land;149;231;105;1703.71;2797.22
TRT001129;land;216;124;120;3515.53;3127.75
TRT001130;land;147;58;166;5846.84;1812.84
TRT001131;land;95;165;61;1450.44;1805.35
TRT001132;land;211;19;248;3687.35;2785.23
TRT001133;land;246;108;30;3913.97;3144.45
TRT001134;land;179;133;231;5582.11;3172.26
TRT001135;land;221;183;72;5494.69;3415.31
TRT001136;land;122;249;153;4156.28;2421.57
TRT001137;land;216;39;246;2723.82;1360.33
TRT001138;land;108;141;224;4149.9;3465.54
TRT001139;land;79;169;198;5636.18;2306.53
TRT001140;land;213;33;59;5490.72;3516.88
TRT001141;land;184;45;202;1505.16;2600.13
TRT001142;land;57;12;16;3681.49;3102.83
TRT001143;land;77;213;173;4324.48;2364.14
TRT001144;land;117;191;69;1713.95;2760.54
TRT001145;land;34;112;26;5132.19;2373.49
TRT001146;land;39;106;29;6116.52;2387.43
TRT001147;land;72;157;233;4005.12;3143.41
TRT001148;land;5;244;129;5308.64;2366.57
TRT001149;land;247;151;172;2681.44;1066.52
TRT001150;land;233;120;247;2347.05;2268.27
TRT001151;land;176;192;53;870.06;1961.2
TRT001152;land;213;58;66;3830.09;3259.01
TRT001153;land;3;45;117;5781.21;2901.47
TRT001154;land;37;117;166;5021.87;1740.31
TRT001155;land;94;103;216;5849.46;2734.63
TRT001156;land;64;212;126;5453.54;1830.54
TRT001157;land;80;184;246;4139.7;2067.4
TRT001158;land;173;17;238;4268.01;2413.73
TRT001159;land;102;222;94;5688.26;3040.95
TRT001160;land;92;40;140;6113.63;3924.76
TRT001161;land;94;185;43;3991.4;3810.53
TRT001162;land;249;104;249;5637.1;2778.11
TRT001163;land;160;66;5;4826.25;2823.67
TRT001164;land;65;181;132;4155.42;3404.38
TRT001165;land;179;180;112;1638.71;2009.7
TRT001166;land;12;241;52;942.31;2089.52
TRT001167;land;113;177;150;6791.44;1699.8
TRT001168;land;95;111;202;4182.3;3114.96
TRT001169;land;232;44;17;1557.41;1970.18
TRT001170;land;153;49;17;953.62;1804.49
TRT001171;land;236;164;143;4964.09;2291.62
TRT001172;land;251;227;46;3916.38;2593.0
TRT001173;land;53;159;81;1391.87;2153.12
TRT001174;land;174;132;47;4814.08;2426.96
TRT001175;land;139;183;120;4857.14;2682.69
TRT001176;land;115;205;65;4676.05;2243.51
TRT001177;land;155;47;21;1082.02;1618.03
TRT001178;land;102;19;127;5568.04;1869.28
TRT001179;land;110;75;15;5827.02;1720.47
TRT001180;land;99;148;69;4502.08;2392.41
TRT001181;land;204;89;53;2692.82;1738.96
TRT001182;land;122;194;180;5615.83;2573.87
TRT001183;land;40;44;141;2127.9;4664.79
TRT001184;land;18;165;103;1081.42;1932.59
TRT001185;land;189;184;201;4516.7;2348.39
TRT001186;land;192;220;223;6911.89;1925.98
TRT001187;land;28;216;118;5811.15;1645.92
TRT001188;land;84;39;205;1548.61;2238.85
TRT001189;land;126;214;40;2128.38;3131.95
TRT001190;land;157;123;126;726.86;2003.38
TRT001191;land;25;32;248;6387.21;1713.91
TRT001192;land;19;218;139;6064.9;2452.02
TRT001193;land;252;40;75;2592.25;3727.12
TRT001194;land;241;127;61;3959.27;3077.4
TRT001195;land;201;243;25;5841.03;2979.9
TRT001196;land;155;22;189;5254.13;2640.9
TRT001197;land;3;150;89;1032.61;2290.84
TRT001198;land;144;95;17;4844.44;2764.11
TRT001199;land;150;249;80;1305.73;1933.4
TRT001200;land;182;147;119;1483.45;3091.6
TRT001201;land;232;113;3;5315.6;1414.82
TRT001202;land;175;11;160;1390.33;2601.31
TRT001203;land;250;15;58;4094.25;2950.33
TRT001204;land;175;175;197;4653.85;2554.59
TRT001205;land;22;205;80;6041.79;1571.2
TRT001206;land;59;44;10;3684.84;2597.96
TRT001207;land;156;45;88;1640.65;2790.53
TRT001208;land;177;122;121;1723.28;2171.67
TRT001209;land;98;79;12;4159.53;3976.39
TRT001210;land;37;83;71;4299.3;2208.98
TRT001211;land;221;118;124;5011.12;2214.13
TRT001212;land;19;73;141;5231.36;1522.41
TRT001213;land;14;145;181;3612.39;2497.1
TRT001214;land;95;246;232;1509.1;934.05
TRT001215;land;47;9;32;2399.11;4007.64
TRT001216;land;64;21;132;5816.87;2165.26
TRT001217;land;114;129;52;1814.79;2210.82
TRT001218;land;97;131;42;3880.76;3568.73
TRT001219;land;240;161;229;4433.12;2097.41
TRT001220;land;117;160;251;1543.03;1875.76
TRT001221;land;77;206;35;5201.94;3012.86
TRT001222;land;75;10;138;2789.43;1634.21
TRT001223;land;9;34;218;4026.95;3084.04
TRT001224;land;72;85;12;923.26;2018.39
TRT001225;land;116;146;115;4839.6;2332.9
TRT001226;land;10;104;18;867.39;2078.53
TRT001227;land;243;114;174;6443.14;1747.54
TRT001228;land;222;116;136;5711.9;2573.54
TRT001229;land;88;73;126;4835.4;2024.14
TRT001230;land;108;24;141;5967.26;2593.58
TRT001231;land;107;255;31;4752.29;1775.79
TRT001232;land;66;249;237;5567.73;1499.28
TRT001233;land;57;148;93;5698.79;1997.93
TRT001234;land;250;250;252;3895.53;2284.24
TRT001235;land;96;45;40;5256.99;1855.68
TRT001236;land;177;159;58;6112.97;1579.76
TRT001237;land;246;128;238;836.12;1742.7
TRT001238;land;152;239;29;2197.57;2368.8
TRT001239;land;210;145;129;3560.65;2498.53
TRT001240;land;76;14;57;5889.89;2048.92
TRT001241;land;194;187;128;908.87;1811.72
TRT001242;land;121;52;150;5503.85;2008.14
TRT001243;land;60;34;161;4062.52;4059.83
TRT001244;land;82;219;74;4680.6;2763.76
TRT001245;land;239;209;124;4754.85;2859.88
TRT001246;land;217;159;56;4998.47;1580.54
TRT001247;land;219;65;146;1838.6;1530.44
TRT001248;land;171;38;221;1630.38;2866.42
TRT001249;land;82;0;183;3724.05;2389.79
TRT001250;land;149;172;246;6220.63;1831.12
TRT001251;land;183;75;251;4883.32;2375.64
TRT001252;land;171;10;240;3617.78;2303.48
TRT001253;land;66;185;78;3848.77;2900.19
TRT001254;land;137;70;210;1934.22;1385.58
TRT001255;land;139;11;166;3846.63;3323.56
TRT001256;land;121;81;116;5075.45;1931.64
TRT001257;land;27;7;113;1132.82;1913.03
TRT001258;land;1;183;81;2063.7;2070.64
TRT001259;land;170;1;153;3568.49;3157.6
TRT001260;land;158;115;7;1066.19;2145.62
TRT001261;land;207;78;255;3982.7;2574.73
TRT001262;land;203;245;121;5645.39;2698.85
TRT001263;land;148;89;206;4060.0;2891.04
TRT001264;land;247;240;239;1464.27;1917.18
TRT001265;land;92;120;14;5278.83;1279.12
TRT001266;land;192;182;160;3921.21;802.15
TRT001267;land;155;14;100;1363.72;2450.11
TRT001268;land;210;237;75;5879.68;1963.94
TRT001269;land;68;102;117;3716.6;1994.35
TRT001270;land;48;244;17;5826.24;2222.25
TRT001271;land;93;232;189;3921.34;2319.91
TRT001272;land;195;130;82;6320.34;1912.33
TRT001273;land;227;177;37;1537.73;2157.11
TRT001274;land;56;114;28;3785.93;2611.96
TRT001275;land;94;21;226;6238.81;2334.14
TRT001276;land;130;25;106;5365.4;2613.77
TRT001277;land;190;62;98;2303.66;3843.84
TRT001278;land;175;145;131;1308.22;2502.29
TRT001279;land;28;185;162;1587.53;1851.66
TRT001280;land;177;244;210;1939.52;2382.06
TRT001281;land;18;213;181;5397.22;2459.09
TRT001282;land;99;189;101;5830.42;2061.17
TRT001283;land;220;144;81;2018.16;2291.23
TRT001284;land;34;55;59;711.72;1636.96
TRT001285;land;18;65;234;1298.96;2693.77
TRT001286;land;126;34;186;4176.83;1872.48
TRT001287;land;48;156;192;5164.95;1607.96
TRT001288;land;6;90;147;4428.31;2713.55
TRT001289;land;112;37;10;1392.86;2754.68
TRT001290;land;148;161;46;5236.99;2295.31
TRT001291;land;73;72;61;4055.61;3207.39
TRT001292;land;163;185;11;3391.31;3361.93
TRT001293;land;99;253;43;4721.01;2949.07
TRT001294;land;43;0;169;5802.49;2366.89
TRT001295;land;28;66;181;4979.41;1958.39
TRT001296;land;168;60;143;5288.47;2600.83
TRT001297;land;82;125;19;5064.68;1523.93
TRT001298;land;180;93;79;1474.76;2642.91
TRT001299;land;18;89;104;4002.05;2335.97
TRT001300;land;130;235;146;3932.15;1709.69
TRT001301;land;23;7;61;5546.38;1715.3
TRT001302;land;126;130;239;5940.95;2187.77
TRT001303;land;145;169;194;4181.13;3230.23
TRT001304;land;250;57;191;5534.03;1254.92
TRT001305;land;153;254;252;2040.52;2345.6
TRT001306;land;254;22;230;1404.43;1577.89
TRT001307;land;44;187;131;5858.84;2257.37
TRT001308;land;155;224;210;5980.97;2411.23
TRT001309;land;172;36;82;2726.03;1613.89
TRT001310;land;126;44;17;937.77;2149.46
TRT001311;land;255;185;63;6381.65;1600.39
TRT001312;land;5;48;40;5765.03;3520.56
TRT001313;land;172;85;60;1390.02;2008.56
TRT001314;land;11;69;7;5875.38;3192.9
TRT001315;land;94;191;1;3906.28;2546.07
TRT001316;land;204;132;133;984.5;2074.36
TRT001317;land;145;139;154;5814.7;4083.78
TRT001318;land;46;236;117;1669.84;1536.87
TRT001319;land;116;26;22;1880.83;2708.5
TRT001320;land;111;68;231;1076.39;2407.78
TRT001321;land;113;227;188;1681.62;2133.91
TRT001322;land;76;126;198;5257.75;2459.56
TRT001323;land;0;176;102;6791.59;1772.15
TRT001324;land;11;57;150;6007.93;1695.31
TRT001325;land;199;254;143;1398.34;2290.74
TRT001326;land;36;151;111;5732.59;2865.85
TRT001327;land;126;14;76;1157.59;2528.49
TRT001328;land;209;103;215;5095.61;2605.54
TRT001329;land;104;0;152;4350.27;1812.41
TRT001330;land;23;141;75;2385.26;3644.64
TRT001331;land;80;177;25;5131.25;2177.01
TRT001332;land;43;242;49;4917.69;2627.65
TRT001333;land;87;104;239;3730.58;3146.26
TRT001334;land;28;249;106;1696.58;1683.24
TRT001335;land;131;109;40;2026.25;2492.6
TRT001336;land;83;74;83;3979.13;2874.22
TRT001337;land;139;224;186;5875.97;2185.41
TRT001338;land;95;167;101;5569.91;2295.2
TRT001339;land;202;212;252;4987.23;1674.84
TRT001340;land;9;117;123;377.03;1906.72
TRT001341;land;89;24;107;1878.21;2893.69
TRT001342;land;102;253;39;4390.41;2689.46
TRT001343;land;205;31;223;6009.35;2367.23
TRT001344;land;5;66;228;5948.51;1872.49
TRT001345;land;165;213;139;5313.09;2899.63
TRT001346;land;86;230;222;1222.93;1770.03
TRT001347;land;61;21;101;1075.27;1785.41
TRT001348;land;200;218;49;3413.99;3040.27
TRT001349;land;162;66;204;4738.92;1619.84
TRT001350;land;73;129;185;5965.01;2471.83
TRT001351;land;83;101;119;3896.93;2616.58
TRT001352;land;222;163;67;4204.55;2141.75
TRT001353;land;209;118;26;5850.61;2906.1
TRT001354;land;253;123;37;2301.82;2344.6
TRT001355;land;107;115;82;3080.38;767.23
TRT001356;land;141;34;76;5997.22;1913.57
TRT001357;land;99;64;53;4000.68;1699.94
TRT001358;land;65;178;254;1892.53;2642.43
TRT001359;land;167;62;123;402.34;1972.64
TRT001360;land;87;10;27;5688.92;2069.92
TRT001361;land;228;116;95;5334.68;2393.78
TRT001362;land;71;168;23;1277.88;1988.18
TRT001363;land;203;120;44;5025.25;2255.0
TRT001364;land;9;210;230;6735.38;1825.86
TRT001365;land;16;45;70;6171.27;2143.02
TRT001366;land;54;214;205;1514.14;2984.67
TRT001367;land;240;62;167;4444.75;2403.21
TRT001368;land;187;130;162;1718.87;2862.65
TRT001369;land;139;8;116;5248.76;2678.69
TRT001370;land;200;44;142;2021.34;3413.16
TRT001371;land;227;67;11;6434.9;1530.53
TRT001372;land;248;37;80;3938.81;4140.49
TRT001373;land;62;35;93;2126.97;525.19
TRT001374;land;49;238;188;4799.78;2059.61
TRT001375;land;17;34;127;5248.64;2766.82
TRT001376;land;63;91;204;2476.19;1388.3
TRT001377;land;172;118;38;4757.44;2529.18
TRT001378;land;96;81;168;619.52;1595.23
TRT001379;land;112;141;97;2532.56;645.12
TRT001380;land;125;232;244;5159.14;1496.34
TRT001381;land;70;202;31;125.32;1756.0
TRT001382;land;254;249;50;1146.78;1318.3
TRT001383;land;57;183;109;2581.23;3595.83
TRT001384;land;243;86;70;5795.32;1770.45
TRT001385;land;94;122;240;3480.95;2874.03
TRT001386;land;149;121;146;2460.97;1570.27
TRT001387;land;182;3;218;5362.79;2936.72
TRT001388;land;160;21;156;2646.73;1769.28
TRT001389;land;58;246;216;6065.57;2327.4
TRT001390;land;205;206;199;1338.9;2904.4
TRT001391;land;152;105;198;331.36;2207.49
TRT001392;land;101;100;33;3271.15;3141.24
TRT001393;land;16;213;62;6196.18;2739.85
TRT001394;land;16;146;232;1744.04;2516.74
TRT001395;land;23;26;252;2169.65;3427.73
TRT001396;land;198;100;2;1247.75;2539.14
TRT001397;land;222;150;129;1338.19;2067.57
TRT001398;land;64;16;88;1973.28;2507.09
TRT001399;land;187;142;14;4020.71;1992.2
TRT001400;land;23;91;48;1870.84;2540.58
TRT001401;land;213;192;194;4061.18;2196.66
TRT001402;land;48;116;52;2128.68;1843.4
TRT001403;land;231;99;134;4830.53;2970.24
TRT001404;land;202;54;48;3869.72;2955.96
TRT001405;land;5;87;137;4821.6;1722.43
TRT001406;land;222;12;21;5811.54;2110.68
TRT001407;land;170;148;247;2244.78;1743.87
TRT001408;land;26;93;72;5658.13;1236.27
TRT001409;land;235;144;87;6214.95;2376.08
TRT001410;land;92;40;81;4490.4;2870.94
TRT001411;land;167;197;1;2222.61;3688.62
TRT001412;land;203;56;64;5394.6;2653.3
TRT001413;land;84;245;185;6600.31;1617.63
TRT001414;land;125;203;72;5706.26;2667.2
TRT001415;land;124;82;69;3431.11;2803.62
TRT001416;land;6;144;25;2455.46;1293.96
TRT001417;land;117;32;54;4354.9;2958.02
TRT001418;land;132;152;122;5372.49;1763.22
TRT001419;land;170;214;253;4972.96;1495.32
TRT001420;land;79;24;80;2656.16;490.59
TRT001421;land;39;246;204;4357.4;2599.19
TRT001422;land;238;74;100;5060.28;2564.51
TRT001423;land;74;128;137;5405.63;1801.76
TRT001424;land;167;46;207;3830.72;2520.9
TRT001425;land;38;83;202;4970.56;1767.71
TRT001426;land;176;230;113;811.08;2064.91
TRT001427;land;146;57;190;6190.62;2309.24
TRT001428;land;149;222;218;5653.83;2433.85
TRT001429;land;167;187;62;1260.07;2732.29
TRT001430;land;43;2;87;5710.27;1931.76
TRT001431;land;16;206;233;2557.35;1052.95
TRT001432;land;9;239;232;574.34;2025.15
TRT001433;land;123;15;242;5839.1;2468.83
TRT001434;land;169;11;119;4362.66;3447.36
TRT001435;land;26;121;249;2773.88;1539.93
TRT001436;land;16;8;108;1129.3;2481.54
TRT001437;land;44;1;231;1241.66;1942.51
TRT001438;land;22;240;47;818.94;1679.32
TRT001439;land;139;155;237;6834.19;1829.5
TRT001440;land;30;211;162;5412.48;2732.63
TRT001441;land;22;160;77;313.31;1974.51
TRT001442;land;81;159;129;5243.42;2501.46
TRT001443;land;123;209;46;5847.32;2406.75
TRT001444;land;156;44;191;4830.29;2472.3
TRT001445;land;105;44;209;5354.64;2442.3
TRT001446;land;179;192;170;534.42;1567.48
TRT001447;land;73;13;218;3355.38;2632.14
TRT001448;land;12;91;74;4709.79;2063.54
TRT001449;land;79;29;47;6251.32;2013.2
TRT001450;land;9;95;40;2019.87;787.33
TRT001451;land;103;193;18;2799.53;1459.51
TRT001452;land;48;65;218;5748.58;2091.61
TRT001453;land;155;163;225;3483.43;2318.1
TRT001454;land;188;30;95;4424.3;3904.69
TRT001455;land;158;11;112;5103.41;1383.04
TRT001456;land;66;67;186;1137.65;2060.07
TRT001457;land;68;87;6;918.44;1931.12
TRT001458;land;241;19;240;5601.89;2514.58
TRT001459;land;70;128;180;1591.53;3162.4
TRT001460;land;195;122;196;6527.26;1643.29
TRT001461;land;247;32;29;5408.64;2512.32
TRT001462;land;65;242;138;4212.35;2714.86
TRT001463;land;51;48;211;6324.63;1504.83
TRT001464;land;83;73;134;3444.11;2349.62
TRT001465;land;59;140;77;1654.96;2524.1
TRT001466;land;43;73;242;1345.03;2199.65
TRT001467;land;151;82;170;5608.78;3046.44
TRT001468;land;165;110;173;6180.09;1707.84
TRT001469;land;37;33;21;2006.68;3097.28
TRT001470;land;73;173;11;5466.26;2816.42
TRT001471;land;176;252;185;6042.57;1928.31
TRT001472;land;238;157;4;1798.26;2455.01
TRT001473;land;129;231;105;1200.91;1645.38
TRT001474;land;248;24;71;5840.52;2859.64
TRT001475;land;132;67;51;3802.33;2873.54
TRT001476;land;234;144;254;5361.74;2849.16
TRT001477;land;131;153;38;6875.54;1880.36
TRT001478;land;91;178;139;5971.26;2139.07
TRT001479;land;230;188;54;1972.66;2412.83
TRT001480;land;79;237;226;5507.29;3194.45
TRT001481;land;191;159;207;1599.01;1996.97
TRT001482;land;246;87;235;4903.38;2430.38
TRT001483;land;116;68;163;6413.14;1809.63
TRT001484;land;138;223;18;3908.97;2908.84
TRT001485;land;145;27;167;1829.09;2717.83
TRT001486;land;45;74;5;5296.0;1991.97
TRT001487;land;70;193;148;1605.48;3114.81
TRT001488;land;73;70;127;2069.69;1836.61
TRT001489;land;64;34;177;5603.21;2095.86
TRT001490;land;79;56;171;4399.92;2954.63
TRT001491;land;145;5;157;6083.43;2167.44
TRT001492;land;204;230;122;1591.75;2472.84
TRT001493;land;134;59;133;4290.25;2251.77
TRT001494;land;123;175;21;5558.5;2634.21
TRT001495;land;166;104;191;5815.75;1554.41
TRT001496;land;96;150;99;4981.53;2685.51
TRT001497;land;215;187;74;3797.59;3448.58
TRT001498;land;44;13;117;5399.33;1981.99
TRT001499;land;123;211;40;4496.79;2122.19
TRT001500;land;26;14;206;5873.13;1491.38
TRT001501;land;249;41;108;4619.29;2401.14
TRT001502;land;31;165;147;4038.73;1617.26
TRT001503;land;55;236;117;5019.75;2339.45
TRT001504;land;196;149;168;4869.21;2456.27
TRT001505;land;158;243;82;1245.73;2298.44
TRT001506;land;86;20;70;5025.23;2052.07
TRT001507;land;155;214;143;3280.38;3046.47
TRT001508;land;87;49;2;953.76;1974.94
TRT001509;land;23;49;74;2361.06;3421.84
TRT001510;land;252;130;158;6071.72;2247.47
TRT001511;land;38;48;133;6388.11;2026.6
TRT001512;land;239;212;72;5660.5;2554.75
TRT001513;land;255;94;161;5289.9;2216.18
TRT001514;land;94;134;66;5511.62;3090.96
TRT001515;land;1;147;124;1436.45;2756.39
TRT001516;land;113;35;204;1556.49;2986.57
TRT001517;land;138;61;160;817.4;1861.37
TRT001518;land;87;82;52;5316.39;2040.16
TRT001519;land;95;0;106;2352.67;645.86
TRT001520;land;26;183;75;1740.69;2327.75
TRT001521;land;109;121;86;1440.91;2350.53
TRT001522;land;174;182;114;3423.03;2919.73
TRT001523;land;113;139;28;4200.85;2323.8
TRT001524;land;155;136;230;3989.5;3692.93
TRT001525;land;35;152;244;3836.63;3197.86
TRT001526;land;20;21;158;5647.52;1462.24
TRT001527;land;37;1;210;5639.65;1876.5
TRT001528;land;207;29;163;3370.39;3173.22
TRT001529;land;167;58;121;1789.42;2537.16
TRT001530;land;0;249;75;6137.83;2177.81
TRT001531;land;1;203;147;4134.56;1937.12
TRT001532;land;6;197;189;4875.58;2578.75
TRT001533;land;131;13;166;950.64;1894.16
TRT001534;land;234;26;7;4058.54;3288.22
TRT001535;land;186;212;247;780.88;1638.03
TRT001536;land;70;122;173;1492.31;1949.49
TRT001537;land;205;11;65;1241.85;2800.35
TRT001538;land;124;7;59;1805.14;2853.33
TRT001539;land;217;103;192;2513.7;1717.32
TRT001540;land;77;111;67;5874.52;1575.57
TRT001541;land;242;247;0;4851.54;2541.54
TRT001542;land;15;182;119;5004.31;3207.6
TRT001543;land;201;188;198;2025.57;3607.84
TRT001544;land;118;181;54;5812.94;2003.41
TRT001545;land;39;60;90;4409.52;3142.41
TRT001546;land;136;70;146;5166.26;2240.3
TRT001547;land;178;3;209;6196.42;2414.96
TRT001548;land;225;45;225;6952.16;1811.14
TRT001549;land;189;169;66;6559.06;1547.0
TRT001550;land;255;215;197;1512.08;1827.4
TRT001551;land;251;134;235;3425.53;2695.95
TRT001552;land;26;210;136;5399.27;2281.03
TRT001553;land;29;151;0;2767.96;1290.66
TRT001554;land;180;245;75;2179.48;960.22
TRT001555;land;250;162;180;4504.83;2188.14
TRT001556;land;182;56;140;1475.41;2774.56
TRT001557;land;106;249;42;1017.15;2007.12
TRT001558;land;113;71;112;3564.26;2535.72
TRT001559;land;76;177;79;1126.85;2631.3
TRT001560;land;214;96;163;1889.37;2356.7
TRT001561;land;56;121;191;4199.53;2192.34
TRT001562;land;18;21;97;3831.62;2342.37
TRT001563;land;224;92;136;5215.38;1792.31
TRT001564;land;43;66;218;328.55;1809.06
TRT001565;land;52;116;192;5650.21;2123.97
TRT001566;land;124;201;44;5186.98;2535.05
TRT001567;land;33;179;127;5379.68;1209.11
TRT001568;land;65;87;121;3772.02;2316.24
TRT001569;land;167;65;209;3297.27;2944.73
TRT001570;land;199;93;41;4253.02;2873.53
TRT001571;land;118;97;234;3638.35;2784.02
TRT001572;land;55;81;160;3073.93;1233.17
TRT001573;land;209;217;134;878.25;2060.38
TRT001574;land;128;86;43;6052.11;2060.11
TRT001575;land;102;1;38;5444.23;2462.94
TRT001576;land;209;248;164;5686.52;2833.75
TRT001577;land;59;18;94;2160.13;4502.07
TRT001578;land;245;68;35;3598.08;2357.03
TRT001579;land;74;35;96;5316.44;2652.1
TRT001580;land;40;132;170;4606.45;2089.97
TRT001581;land;116;78;76;4253.94;2928.29
TRT001582;land;207;53;111;5412.89;2806.22
TRT001583;land;193;56;37;1589.58;1717.17
TRT001584;land;198;213;121;998.94;2145.66
TRT001585;land;109;171;87;871.25;2004.93
TRT001586;land;253;144;20;4670.7;2329.79
TRT001587;land;195;189;246;6223.83;1209.62
TRT001588;land;123;230;229;3993.12;2150.47
TRT001589;land;123;185;197;6448.92;2019.71
TRT001590;land;98;156;111;5067.91;1638.75
TRT001591;land;254;43;204;6170.18;1794.71
TRT001592;land;8;124;120;4891.87;1414.41
TRT001593;land;198;5;215;1985.08;2767.33
TRT001594;land;220;218;187;4736.96;1696.86
TRT001595;land;208;117;117;5740.22;1707.5
TRT001596;land;38;250;188;2955.95;677.03
TRT001597;land;84;126;137;5621.39;2182.78
TRT001598;land;241;228;185;5959.19;4085.73
TRT001599;land;126;231;109;4513.78;2767.65
TRT001600;land;104;85;12;3292.99;3184.69
TRT001601;land;71;57;1;1649.48;2263.94
TRT001602;land;104;253;188;5101.71;1573.62
TRT001603;land;213;25;233;5097.38;2960.6
TRT001604;land;200;237;154;2389.01;3555.59
TRT001605;land;149;216;92;4161.26;2492.86
TRT001606;land;158;35;148;5449.89;2062.69
TRT001607;land;4;134;11;1454.65;2960.23
TRT001608;land;83;99;58;1233.91;2244.2
TRT001609;land;115;83;168;4061.71;3453.67
TRT001610;land;9;61;61;5622.34;2537.46
TRT001611;land;182;15;253;4186.67;3512.71
TRT001612;land;62;1;33;3736.29;3516.45
TRT001613;land;152;203;66;1664.17;3165.95
TRT001614;land;202;90;141;5339.05;2133.44
TRT001615;land;246;156;42;5397.32;2081.57
TRT001616;land;66;180;105;4662.86;2117.87
TRT001617;land;27;126;33;4133.68;3750.89
TRT001618;land;153;231;241;3768.33;2964.59
TRT001619;land;4;234;53;4341.3;2129.6
TRT001620;land;196;42;137;5356.7;2703.01
TRT001621;land;41;48;228;6467.87;1605.81
TRT001622;land;230;3;108;1594.35;2561.28
TRT001623;land;168;173;208;6877.46;4400.54
TRT001624;land;69;70;88;5725.85;3662.82
TRT001625;land;90;225;170;3770.94;2052.34
TRT001626;land;71;78;118;3353.53;2269.24
TRT001627;land;149;144;98;2847.89;1133.49
TRT001628;land;4;185;192;4840.18;1929.4
TRT001629;land;198;12;62;4065.66;2308.47
TRT001630;land;199;11;219;1680.98;1778.65
TRT001631;land;9;108;199;5180.48;2301.51
TRT001632;land;66;181;99;5685.37;2298.96
TRT001633;land;16;2;44;1941.34;2813.68
TRT001634;land;60;88;7;501.3;1812.99
TRT001635;land;214;68;98;3717.34;2268.61
TRT001636;land;32;110;38;1693.81;2713.75
TRT001637;land;134;35;97;4091.22;1900.8
TRT001638;land;77;243;11;5354.02;2087.43
TRT001639;land;50;34;249;3723.14;2874.19
TRT001640;land;122;193;244;4585.42;2740.81
TRT001641;land;3;249;136;3805.68;2284.52
TRT001642;land;80;174;128;1629.4;972.58
TRT001643;land;236;107;250;4594.53;2906.58
TRT001644;land;7;68;204;5118.43;1876.89
TRT001645;land;129;165;37;4524.57;1974.14
TRT001646;land;106;195;156;4333.84;2772.37
TRT001647;land;98;209;247;472.82;1923.17
TRT001648;land;89;7;141;4388.07;2388.74
TRT001649;land;173;111;155;4146.85;2948.33
TRT001650;land;81;128;65;5225.31;2339.66
TRT001651;land;58;5;209;1648.34;2166.66
TRT001652;land;191;27;4;6518.74;1857.8
TRT001653;land;122;66;253;3645.59;3326.64
TRT001654;land;204;22;14;1769.19;1764.92
TRT001655;land;67;219;241;1471.07;1868.91
TRT001656;land;218;138;219;4222.41;3365.66
TRT001657;land;229;151;20;5412.77;1640.09
TRT001658;land;253;106;102;5503.22;2697.98
TRT001659;land;150;192;86;27.93;1670.55
TRT001660;land;111;168;198;5784.36;3011.85
TRT001661;land;79;90;6;1887.78;1927.95
TRT001662;land;146;6;1;1106.64;2443.91
TRT001663;land;214;164;140;5217.87;2860.9
TRT001664;land;50;234;12;4052.87;1825.98
TRT001665;land;54;10;3;4335.69;1960.24
TRT001666;land;50;51;156;1340.22;2132.49
TRT001667;land;208;121;13;5335.84;2291.63
TRT001668;land;225;174;77;1353.33;2555.48
TRT001669;land;131;101;213;2109.93;1769.83
TRT001670;land;237;175;46;4915.68;1921.24
TRT001671;land;250;65;117;2043.48;2458.8
TRT001672;land;158;237;85;1018.44;1647.29
TRT001673;land;169;65;183;5745.39;2276.59
TRT001674;land;182;8;63;1663.15;2653.87
TRT001675;land;4;95;12;4172.79;2110.15
TRT001676;land;31;119;85;1597.79;2270.88
TRT001677;land;66;194;9;816.65;1805.67
TRT001678;land;14;181;87;2267.45;2358.55
TRT001679;land;220;106;180;1175.17;1820.79
TRT001680;land;129;11;33;5434.84;1572.56
TRT001681;land;80;179;60;2603.82;1805.02
TRT001682;land;166;211;25;4223.44;2650.83
TRT001683;land;240;35;8;4234.0;2394.87
TRT001684;land;7;248;27;4165.28;2670.82
TRT001685;land;246;113;29;4198.51;1721.97
TRT001686;land;236;66;163;5577.48;2718.79
TRT001687;land;226;172;20;1677.46;2325.67
TRT001688;land;228;95;79;5842.66;1418.44
TRT001689;land;150;204;168;4800.04;2292.72
TRT001690;land;204;56;36;5584.55;1642.05
TRT001691;land;147;194;132;5654.94;1937.93
TRT001692;land;151;13;196;5898.48;2537.97
TRT001693;land;16;125;205;5449.45;1962.28
TRT001694;land;43;149;208;6002.21;2762.74
TRT001695;land;90;31;142;2260.53;2292.91
TRT001696;land;63;190;226;4485.73;2049.06
TRT001697;land;197;196;91;5954.48;1934.73
TRT001698;land;66;169;55;1456.35;2825.66
TRT001699;land;152;53;41;4016.2;3622.65
TRT001700;land;0;22;219;1157.09;1134.43
TRT001701;land;232;102;24;5996.01;2187.26
TRT001702;land;76;172;49;6278.09;1895.74
TRT001703;land;199;233;100;2201.54;3917.68
TRT001704;land;3;135;119;450.55;1760.35
TRT001705;land;141;108;224;4067.81;2683.75
TRT001706;land;68;0;241;2149.42;2364.39
TRT001707;land;170;221;42;5946.43;1695.79
TRT001708;land;21;97;63;1104.53;1307.05
TRT001709;land;168;18;27;6971.66;1714.31
TRT001710;land;200;162;244;976.12;1695.62
TRT001711;land;101;58;224;2949.11;1098.98
TRT001712;land;113;120;96;5746.7;2403.38
TRT001713;land;50;74;106;5567.67;2998.54
TRT001714;land;247;82;24;6027.24;2556.57
TRT001715;land;31;116;244;2152.53;1729.43
TRT001716;land;192;94;17;2089.4;2131.85
TRT001717;land;34;42;186;4365.38;3001.88
TRT001718;land;177;137;174;3731.22;2437.32
TRT001719;land;241;165;230;2348.89;2330.73
TRT001720;land;129;67;6;1303.49;2625.91
TRT001721;land;251;93;149;5602.65;2667.63
TRT001722;land;240;80;12;4475.86;2743.86
TRT001723;land;193;40;145;5323.93;2860.83
TRT001724;land;217;195;8;1494.66;1718.85
TRT001725;land;72;42;184;6371.07;4204.62
TRT001726;land;76;97;107;3541.42;2771.13
TRT001727;land;135;55;246;1223.78;1436.87
TRT001728;land;36;196;77;2574.4;1184.76
TRT001729;land;196;7;91;5888.92;2333.28
TRT001730;land;117;169;253;4169.97;3569.56
TRT001731;land;142;61;88;5899.6;2089.03
TRT001732;land;232;17;174;3956.24;3160.48
TRT001733;land;37;34;37;5405.95;1707.55
TRT001734;land;51;92;184;4373.56;2182.61
TRT001735;land;189;158;247;5998.12;1959.35
TRT001736;land;97;31;123;3587.26;2413.27
TRT001737;land;179;177;241;4702.89;2563.73
TRT001738;land;253;209;230;4037.44;3023.43
TRT001739;land;27;98;216;1481.31;2006.8
TRT001740;land;100;104;37;4098.19;2226.08
TRT001741;land;87;251;87;1742.6;2717.52
TRT001742;land;232;200;137;5591.63;2918.77
TRT001743;land;195;105;72;3648.82;1971.78
TRT001744;land;33;78;49;5027.95;2602.62
TRT001745;land;17;176;169;2422.99;2410.65
TRT001746;land;86;238;186;6288.77;1404.73
TRT001747;land;178;21;19;4302.85;2455.6
TRT001748;land;66;182;175;6023.0;2269.98
TRT001749;land;80;207;115;3986.58;2402.75
TRT001750;land;92;171;121;3669.25;2469.69
TRT001751;land;221;143;1;1252.43;2117.87
TRT001752;land;96;181;156;5571.99;2156.86
TRT001753;land;201;54;167;5775.99;1381.98
TRT001754;land;49;194;153;1819.46;1066.66
TRT001755;land;105;54;145;6101.86;2033.89
TRT001756;land;182;210;31;6114.22;2224.01
TRT001757;land;124;12;169;477.3;1690.87
TRT001758;land;63;11;193;5300.43;2696.17
TRT001759;land;138;125;66;6655.55;1949.94
TRT001760;land;102;67;193;5788.48;1858.78
TRT001761;land;53;15;198;2000.91;2584.49
TRT001762;land;21;150;132;6113.21;2456.54
TRT001763;land;195;166;37;4617.53;2251.98
TRT001764;land;201;88;66;5063.11;2799.58
TRT001765;land;0;209;141;5354.58;3086.22
TRT001766;land;77;44;161;1367.93;2694.07
TRT001767;land;179;133;244;6618.82;1824.23
TRT001768;land;218;17;195;5780.03;2518.02
TRT001769;land;151;32;246;4477.93;3006.26
TRT001770;land;190;132;104;5951.19;3369.73
TRT001771;land;111;200;167;4313.16;2015.69
TRT001772;land;115;38;130;1158.43;2286.95
TRT001773;land;39;110;24;1654.23;1897.21
TRT001774;land;159;115;180;3597.38;2754.27
TRT001775;land;158;123;86;4547.8;2081.3
TRT001776;land;32;15;51;3928.73;3447.26
TRT001777;land;136;174;169;5686.0;1378.21
TRT001778;land;213;64;107;6719.01;1752.89
TRT001779;land;178;240;31;3501.26;2803.3
TRT001780;land;133;211;29;3521.35;3189.3
TRT001781;land;216;78;231;1217.03;1693.31
TRT001782;land;186;128;70;5710.64;2178.53
TRT001783;land;146;202;45;6610.71;1909.56
TRT001784;land;228;81;21;6106.9;2544.1
TRT001785;land;8;97;159;4448.74;3365.25
TRT001786;land;211;91;51;1898.36;1479.57
TRT001787;land;102;185;224;5887.66;1723.69
TRT001788;land;68;180;86;3661.28;2057.33
TRT001789;land;232;219;167;5139.84;2641.02
TRT001790;land;167;79;180;4450.78;2837.79
TRT001791;land;110;32;255;5722.62;2621.9
TRT001792;land;184;47;184;4585.93;1715.71
TRT001793;land;148;196;254;1986.29;2321.39
TRT001794;land;15;177;212;3490.27;3314.37
TRT001795;land;178;51;54;3510.01;3027.59
TRT001796;land;192;133;5;5528.47;2336.29
TRT001797;land;126;200;108;1027.52;2082.05
TRT001798;land;158;144;109;6500.11;1784.7
TRT001799;land;166;145;124;4160.79;2353.12
TRT001800;land;227;135;188;1228.61;2674.43
TRT001801;land;216;164;119;5755.39;2592.73
TRT001802;land;59;240;204;4579.67;2513.08
TRT001803;land;248;105;165;4169.39;3663.03
TRT001804;land;229;30;233;2340.13;4180.54
TRT001805;land;229;88;233;1333.27;1194.2
TRT001806;land;10;56;146;1754.18;1225.18
TRT001807;land;1;103;81;5188.52;2167.92
TRT001808;land;200;199;124;491.98;2092.0
TRT001809;land;239;249;56;5051.39;1868.34
TRT001810;land;122;253;99;3512.4;2506.17
TRT001811;land;227;79;168;5654.3;3090.15
TRT001812;land;148;214;161;5020.62;3126.53
TRT001813;land;116;61;77;2109.28;2445.05
TRT001814;land;205;139;90;5909.57;2618.66
TRT001815;land;19;39;160;2333.13;3938.67
TRT001816;land;224;242;13;4480.26;2442.53
TRT001817;land;168;198;29;5125.93;1817.6
TRT001818;land;160;206;48;4042.66;2530.68
TRT001819;land;63;14;251;5268.57;2403.59
TRT001820;land;163;26;191;1290.78;2142.44
TRT001821;land;80;220;141;1008.76;1788.29
TRT001822;land;71;182;76;4823.76;2513.88
TRT001823;land;116;62;65;4625.33;1950.94
TRT001824;land;131;51;19;4266.85;2748.48
TRT001825;land;212;131;80;1052.79;2214.28
TRT001826;land;160;238;210;4120.08;2123.1
TRT001827;land;4;4;38;1738.92;1841.75
TRT001828;land;135;188;211;4642.35;2923.72
TRT001829;land;216;142;91;438.35;2129.04
TRT001830;land;18;185;221;5447.45;2925.82
TRT001831;land;184;235;49;949.12;2045.29
TRT001832;land;220;53;154;873.61;1777.72
TRT001833;land;167;67;95;2180.74;2175.27
TRT001834;land;93;189;114;4897.32;2252.27
TRT001835;land;59;101;123;5519.19;1770.12
TRT001836;land;129;169;199;6220.8;1759.37
TRT001837;land;249;245;57;3718.77;3225.17
TRT001838;land;40;25;82;5134.66;2319.85
TRT001839;land;118;249;156;3856.75;1016.23
TRT001840;land;89;122;224;5607.18;2405.95
TRT001841;land;136;109;5;3460.5;2710.17
TRT001842;land;166;199;9;4326.36;3491.65
TRT001843;land;197;134;165;1187.46;2218.75
TRT001844;land;130;244;243;2992.15;1575.9
TRT001845;land;7;128;177;4623.13;2363.62
TRT001846;land;228;163;200;1842.61;2755.28
TRT001847;land;224;168;86;2221.84;2096.47
TRT001848;land;228;14;102;1328.68;985.6
TRT001849;land;54;246;130;2425.5;3425.71
TRT001850;land;45;230;198;4615.39;2562.12
TRT001851;land;229;46;202;1918.62;3056.81
TRT001852;land;67;93;47;3707.8;2326.21
TRT001853;land;107;17;31;3844.93;1660.91
TRT001854;land;121;234;199;5185.09;2758.53
TRT001855;land;247;118;104;4550.05;2560.81
TRT001856;land;154;209;239;5990.53;2648.85
TRT001857;land;77;150;98;1335.53;2385.06
TRT001858;land;114;71;76;2941.92;1301.05
TRT001859;land;47;194;113;4712.93;2374.11
TRT001860;land;203;220;128;1317.56;2256.72
TRT001861;land;90;137;173;1699.86;2667.07
TRT001862;land;156;52;70;3683.6;2651.03
TRT001863;land;235;108;252;3410.9;3107.11
TRT001864;land;29;165;35;639.14;1888.09
TRT001865;land;251;242;62;1878.77;2405.21
TRT001866;land;213;160;143;3696.56;2834.28
TRT001867;land;6;183;235;5455.45;3228.69
TRT001868;land;132;20;2;5473.11;1776.73
TRT001869;land;31;232;223;5992.0;1623.93
TRT001870;land;152;51;202;2161.47;2120.97
TRT001871;land;158;107;101;1362.14;2508.15
TRT001872;land;219;226;9;6571.29;1854.43
TRT001873;land;255;32;213;2448.99;4142.98
TRT001874;land;162;173;112;5437.82;1750.09
TRT001875;land;218;6;142;5757.58;2660.17
TRT001876;land;51;203;57;6285.38;3904.72
TRT001877;land;118;77;31;5222.28;3051.36
TRT001878;land;244;174;228;1128.4;2181.54
TRT001879;land;107;124;122;5645.86;2029.17
TRT001880;land;34;183;33;1972.85;1529.31
TRT001881;land;2;237;69;5233.1;2229.75
TRT001882;land;132;198;94;4891.27;2511.8
TRT001883;land;244;245;104;5525.85;2077.35
TRT001884;land;16;45;207;1445.83;2592.27
TRT001885;land;213;49;142;1838.3;3239.97
TRT001886;land;87;37;154;5840.76;2535.46
TRT001887;land;188;116;169;4545.92;2450.19
TRT001888;land;84;130;205;5268.24;2117.19
TRT001889;land;64;215;179;6026.95;2143.55
TRT001890;land;248;49;160;2696.95;1420.18
TRT001891;land;161;85;207;1889.2;2290.62
TRT001892;land;144;87;132;3953.01;2661.9
TRT001893;land;0;142;189;2071.9;1802.29
TRT001894;land;190;180;95;3694.6;3023.51
TRT001895;land;210;86;175;4709.71;2824.99
TRT001896;land;151;180;28;1285.3;2374.64
TRT001897;land;171;25;132;5949.15;2364.0
TRT001898;land;75;172;38;4391.63;2266.45
TRT001899;land;98;234;79;6849.19;1953.95
TRT001900;land;197;54;37;5462.64;2100.57
TRT001901;land;30;182;248;5087.29;2322.02
TRT001902;land;217;125;123;5471.6;1468.77
TRT001903;land;54;130;53;4136.09;2887.31
TRT001904;land;8;172;184;772.51;1809.81
TRT001905;land;208;85;152;4402.17;2230.34
TRT001906;land;109;21;121;5711.61;2483.17
TRT001907;land;183;215;40;5405.02;2559.56
TRT001908;land;14;68;18;3941.97;1950.79
TRT001909;land;98;122;81;5793.37;2702.29
TRT001910;land;210;125;212;5925.17;1964.99
TRT001911;land;57;18;33;802.77;2004.31
TRT001912;land;245;164;4;6283.38;1791.75
TRT001913;land;141;18;66;870.93;1838.65
TRT001914;land;205;205;153;2123.12;3655.04
TRT001915;land;240;239;20;4193.83;2392.34
TRT001916;land;156;192;21;4369.73;3187.57
TRT001917;land;174;132;130;772.78;1881.91
TRT001918;land;62;9;141;3804.46;3523.72
TRT001919;land;116;112;50;1457.21;2689.62
TRT001920;land;172;253;254;1619.49;2378.65
TRT001921;land;123;222;134;5794.43;2848.87
TRT001922;land;161;61;91;576.44;1909.03
TRT001923;land;98;204;239;4080.32;2496.36
TRT001924;land;254;125;105;4120.33;3510.3
TRT001925;land;54;92;139;1335.17;2799.16
TRT001926;land;135;32;214;1419.54;2422.6
TRT001927;land;54;150;31;1541.33;2312.8
TRT001928;land;185;195;59;5937.25;1379.71
TRT001929;land;25;8;111;3168.36;627.59
TRT001930;land;73;224;194;5481.45;1871.09
TRT001931;land;255;184;235;1210.26;1080.66
TRT001932;land;90;86;113;1550.69;3063.67
TRT001933;land;239;62;38;2383.5;2294.86
TRT001934;land;27;27;125;1916.88;2334.58
TRT001935;land;181;108;55;3929.62;2498.93
TRT001936;land;47;85;56;1481.8;2305.79
TRT001937;land;63;66;29;1475.17;1566.6
TRT001938;land;218;206;226;3985.04;2217.86
TRT001939;land;222;209;8;4289.3;2291.45
TRT001940;land;139;117;201;2330.84;3375.34
TRT001941;land;202;128;142;3765.29;3080.07
TRT001942;land;120;72;88;6147.79;2346.73
TRT001943;land;21;3;179;5884.23;2133.61
TRT001944;land;169;80;80;1910.81;2585.26
TRT001945;land;232;225;2;6385.5;4029.17
TRT001946;land;94;229;137;4561.76;1802.2
TRT001947;land;76;125;77;1435.32;1687.0
TRT001948;land;254;9;149;1468.4;2903.58
TRT001949;land;250;190;211;2917.14;1610.89
TRT001950;land;93;190;59;5175.79;2344.86
TRT001951;land;240;102;231;2729.71;1686.67
TRT001952;land;199;225;161;5948.58;2322.28
TRT001953;land;211;40;154;2310.33;4031.73
TRT001954;land;229;226;123;399.93;1681.52
TRT001955;land;146;44;237;3058.04;1047.82
TRT001956;land;251;25;104;1879.62;853.58
TRT001957;land;173;212;180;1404.93;1779.38
TRT001958;land;192;21;237;4752.24;2972.33
TRT001959;land;139;104;88;2235.73;3425.9
TRT001960;land;79;230;131;5929.34;2396.02
TRT001961;land;115;147;198;2116.17;3436.54
TRT001962;land;153;37;79;945.08;1645.33
TRT001963;land;47;227;97;3512.94;2562.65
TRT001964;land;27;158;251;929.49;1741.98
TRT001965;land;128;35;149;3345.03;2880.91
TRT001966;land;141;150;191;4430.12;3011.47
TRT001967;land;174;252;186;1808.35;2412.34
TRT001968;land;213;225;145;4154.03;1990.45
TRT001969;land;14;121;10;1722.56;2489.28
TRT001970;land;53;144;96;1933.53;2687.75
TRT001971;land;242;145;236;2634.6;1336.55
TRT001972;land;239;194;66;5167.82;3080.57
TRT001973;land;57;110;130;4025.2;2484.91
TRT001974;land;253;183;170;4107.78;1621.86
TRT001975;land;189;176;3;5222.5;1960.3
TRT001976;land;130;205;234;1382.03;1946.08
TRT001977;land;188;2;38;1462.11;2446.29
TRT001978;land;206;238;15;4266.31;1717.65
TRT001979;land;241;2;148;2377.69;2421.89
TRT001980;land;230;71;83;5368.51;2236.44
TRT001981;land;18;92;122;1498.92;2667.35
TRT001982;land;122;208;10;1574.31;1173.0
TRT001983;land;90;54;163;587.03;1756.03
TRT001984;land;63;50;195;3778.17;3167.36
TRT001985;land;96;54;34;1411.81;2710.41
TRT001986;land;213;43;71;5927.07;2009.13
TRT001987;land;86;68;187;2195.19;1859.99
TRT001988;land;181;175;73;1506.77;2548.84
TRT001989;land;187;32;21;1544.82;2697.07
TRT001990;land;140;164;194;6047.52;2371.34
TRT001991;land;123;206;247;4176.42;2237.28
TRT001992;land;17;39;51;1184.32;2095.02
TRT001993;land;82;165;22;1436.8;2476.31
TRT001994;land;163;169;216;4378.22;1725.81
TRT001995;land;141;143;38;5908.37;1904.4
TRT001996;land;218;187;58;3966.14;1897.1
TRT001997;land;201;176;108;5119.33;2468.4
TRT001998;land;137;139;75;1180.16;1956.15
TRT001999;land;151;148;153;3146.93;1822.2
TRT002000;land;60;147;51;2292.41;2258.12
TRT002001;land;5;108;56;1676.06;2395.98
TRT002002;land;216;227;36;1366.69;1730.44
TRT002003;land;203;75;242;5524.61;2410.41
TRT002004;land;181;163;126;4018.79;2593.74
TRT002005;land;79;183;142;4930.26;2368.95
TRT002006;land;39;223;162;4607.52;694.69
TRT002007;land;100;194;3;1395.97;2228.08
TRT002008;land;172;229;193;4761.95;2629.4
TRT002009;ocean;54;16;130;646.86;2694.32
TRT002010;ocean;46;19;160;6876.55;4324.89
TRT002011;ocean;42;59;149;5740.31;4451.86
TRT002012;ocean;51;19;136;3616.16;4789.62
TRT002013;ocean;28;21;150;3484.99;130.33
TRT002014;ocean;22;73;159;169.79;1374.0
TRT002015;ocean;47;40;136;6159.31;169.24
TRT002016;ocean;12;77;153;6417.12;2524.83
TRT002017;ocean;25;75;106;5010.62;3790.89
TRT002018;ocean;18;38;111;153.73;3884.77
TRT002019;ocean;18;11;131;1990.12;4044.27
TRT002020;ocean;2;37;157;2138.35;4852.16
TRT002021;ocean;45;60;139;1827.44;176.25
TRT002022;ocean;42;19;159;5692.94;3312.82
TRT002023;ocean;28;7;112;1532.81;1380.25
TRT002024;ocean;14;54;107;4647.77;604.27
TRT002025;ocean;26;79;179;2915.94;4788.14
TRT002026;ocean;51;14;102;3739.95;4150.97
TRT002027;ocean;37;0;111;6259.8;4525.96
TRT002028;ocean;33;30;128;4717.13;4834.99
TRT002029;ocean;16;63;122;2974.83;2206.39
TRT002030;ocean;3;31;104;4755.68;3228.17
TRT002031;ocean;36;30;125;1435.0;1056.92
TRT002032;ocean;22;41;178;2398.61;2206.21
TRT002033;ocean;54;6;111;1543.66;766.85
TRT002034;ocean;27;4;125;2929.41;1988.91
TRT002035;ocean;18;13;125;2405.08;130.95
TRT002036;ocean;10;77;135;4230.49;4838.4
TRT002037;ocean;50;71;160;637.31;387.47
TRT002038;ocean;57;52;125;6762.27;753.52
TRT002039;ocean;52;49;115;3343.88;4872.2
TRT002040;ocean;37;55;175;6503.5;254.33
TRT002041;ocean;30;46;163;2040.71;1042.77
TRT002042;ocean;42;42;156;2303.15;1389.74
TRT002043;ocean;25;67;177;193.41;2749.28
TRT002044;ocean;27;36;132;4909.8;4181.91
TRT002045;ocean;1;73;148;1885.73;4658.47
TRT002046;ocean;15;33;126;5778.16;4783.47
TRT002047;ocean;19;38;119;596.24;1345.35
TRT002048;ocean;54;62;124;1186.93;4529.07
TRT002049;ocean;5;28;108;1850.4;1849.75
TRT002050;ocean;21;67;155;5393.12;4018.57
TRT002051;ocean;31;45;158;1334.38;3846.93
TRT002052;ocean;12;30;113;5273.04;4610.81
TRT002053;ocean;2;61;103;6754.08;3808.08
TRT002054;ocean;41;40;132;435.37;958.35
TRT002055;ocean;7;59;138;864.5;3055.27
TRT002056;ocean;31;67;177;2051.53;1372.24
TRT002057;ocean;39;76;153;5478.93;4300.14
TRT002058;ocean;33;47;134;5374.53;3715.95
TRT002059;ocean;24;22;108;3926.26;1884.08
TRT002060;ocean;9;78;158;4070.49;404.66
TRT002061;ocean;13;12;137;3177.96;2439.98
TRT002062;ocean;54;70;151;1979.88;3096.11
TRT002063;ocean;6;25;176;3255.47;441.2
TRT002064;ocean;25;52;104;1340.37;516.07
TRT002065;ocean;9;60;149;1741.78;4334.59
TRT002066;ocean;54;0;175;5101.61;757.99
TRT002067;ocean;32;66;137;229.32;3481.76
TRT002068;ocean;41;63;109;1585.61;3256.23
TRT002069;ocean;21;25;154;1202.21;3042.35
TRT002070;ocean;34;20;105;1062.27;4830.89
TRT002071;ocean;19;73;138;6583.5;4299.74
TRT002072;ocean;40;22;103;3531.07;3610.46
TRT002073;ocean;19;78;143;2535.16;2967.71
TRT002074;ocean;14;13;171;179.55;4770.28
TRT002075;ocean;33;50;177;417.47;2488.13
TRT002076;ocean;43;10;124;2604.93;2616.7
TRT002077;ocean;55;78;155;5322.04;1023.12
TRT002078;ocean;40;39;114;5356.84;4870.18
TRT002079;ocean;0;42;144;5421.36;182.34
TRT002080;ocean;58;8;103;4773.66;193.23
TRT002081;ocean;36;28;142;4232.8;4250.02
TRT002082;ocean;0;36;103;1390.39;4319.54
TRT002083;ocean;23;77;151;1733.81;4854.62
TRT002084;ocean;35;69;175;5176.33;4304.48
TRT002085;ocean;36;48;110;5019.36;4719.91
TRT002086;ocean;22;6;176;1786.64;3885.92
TRT002087;ocean;41;33;162;1662.81;428.42
TRT002088;ocean;10;23;163;3063.18;163.36
TRT002089;ocean;55;8;111;2973.76;3148.1
TRT002090;ocean;30;39;163;6440.69;2192.35
TRT002091;ocean;1;13;167;1974.45;4373.77
TRT002092;ocean;55;58;134;4728.5;1454.33
TRT002093;ocean;15;77;170;130.74;930.81
TRT002094;ocean;47;3;141;6419.31;3179.31
TRT002095;ocean;11;71;114;554.24;129.99
TRT002096;ocean;59;12;179;1080.36;724.77
TRT002097;ocean;9;8;158;2913.73;2470.39
TRT002098;ocean;15;34;108;3890.28;4851.92
TRT002099;ocean;28;46;153;991.08;1366.29
TRT002100;ocean;59;23;165;3884.09;589.23
TRT002101;ocean;24;8;174;4766.49;4493.43
TRT002102;ocean;1;11;140;3236.57;3844.33
TRT002103;ocean;28;75;147;4513.0;4312.9
TRT002104;ocean;42;52;153;1437.1;3516.48
TRT002105;ocean;33;74;139;3845.48;2122.42
TRT002106;ocean;16;36;137;1789.12;3564.83
TRT002107;ocean;36;28;117;6174.3;4812.77
TRT002108;ocean;57;36;116;2956.58;2807.55
TRT002109;ocean;21;18;114;6041.55;3221.44
TRT002110;ocean;45;36;112;2375.75;4570.52
TRT002111;ocean;53;53;137;841.68;4621.46
TRT002112;ocean;26;6;151;4203.22;4530.34
TRT002113;ocean;53;32;136;5824.42;3707.57
TRT002114;ocean;16;63;161;223.69;397.76
TRT002115;ocean;26;36;162;538.04;3051.59
TRT002116;ocean;6;65;101;291.45;3084.77
TRT002117;ocean;10;27;142;2115.73;203.97
TRT002118;ocean;10;25;133;1450.51;144.94
TRT002119;ocean;52;9;152;6822.7;3269.19
TRT002120;ocean;56;4;141;598.82;4332.43
TRT002121;ocean;14;38;143;3408.29;4636.04
TRT002122;ocean;8;52;144;3145.81;4752.95
TRT002123;ocean;54;18;122;3543.99;1897.16
TRT002124;ocean;17;32;150;546.52;4769.78
TRT002125;ocean;45;31;161;3978.33;4339.96
TRT002126;ocean;51;31;155;3902.83;4612.44
TRT002127;ocean;31;78;153;516.35;3931.15
TRT002128;ocean;41;60;109;5223.52;3355.87
TRT002129;ocean;34;66;162;6343.68;3590.93
TRT002130;ocean;1;74;156;641.51;3480.77
TRT002131;ocean;24;3;143;1530.39;4080.75
TRT002132;ocean;54;64;100;3782.14;852.47
TRT002133;ocean;46;20;155;1580.04;4588.0
TRT002134;ocean;21;55;145;4468.96;4668.15
TRT002135;ocean;47;36;145;3759.34;1383.3
TRT002136;ocean;58;40;177;211.68;1170.87
TRT002137;ocean;26;29;130;5624.18;627.81
TRT002138;ocean;45;29;129;857.29;630.68
TRT002139;ocean;22;66;113;4368.17;209.48
TRT002140;ocean;34;27;114;5853.16;1053.77
TRT002141;ocean;56;10;136;2421.48;422.35
TRT002142;ocean;40;3;140;4281.18;707.89
TRT002143;ocean;41;48;107;2918.69;3981.21
TRT002144;ocean;36;14;174;785.39;995.65
TRT002145;ocean;20;65;171;188.35;133.49
TRT002146;ocean;51;9;163;950.79;3814.47
TRT002147;ocean;24;23;152;2958.21;1762.72
TRT002148;ocean;24;27;122;4185.76;1106.14
TRT002149;ocean;14;7;105;3030.69;3524.24
TRT002150;ocean;10;69;146;2642.09;2347.02
TRT002151;ocean;37;55;148;5658.47;4074.68
TRT002152;ocean;31;79;134;3084.45;4360.44
TRT002153;ocean;2;53;114;2722.5;160.47
TRT002154;ocean;11;39;148;950.73;2601.17
TRT002155;ocean;47;15;114;4620.33;3685.31
TRT002156;ocean;20;60;104;4993.3;1216.16
TRT002157;ocean;53;46;126;6843.88;243.13
TRT002158;ocean;16;68;127;6053.5;2825.13
TRT002159;ocean;16;23;152;6507.18;2853.13
TRT002160;ocean;25;44;170;3302.11;1587.64
TRT002161;ocean;41;77;120;3684.19;4424.81
TRT002162;ocean;58;30;112;2735.54;4541.15
TRT002163;ocean;16;63;153;724.59;2254.53
TRT002164;ocean;44;27;116;1408.9;4808.3
TRT002165;ocean;27;65;175;271.42;1544.07
TRT002166;ocean;1;24;162;6845.54;2681.19
TRT002167;ocean;42;67;142;85.43;3138.39
TRT002168;ocean;17;41;178;6218.42;644.29
TRT002169;ocean;0;65;148;5514.38;4601.14
TRT002170;ocean;11;34;178;4643.29;4004.88
TRT002171;ocean;27;44;137;3623.34;425.08
TRT002172;ocean;12;32;148;1123.42;280.66
TRT002173;ocean;48;55;134;154.39;649.94
TRT002174;ocean;42;74;134;3318.26;2738.38
TRT002175;ocean;22;26;116;897.95;151.99
TRT002176;ocean;5;33;158;135.57;1728.55
TRT002177;ocean;15;14;102;1220.85;898.87
TRT002178;ocean;34;19;113;6760.19;1297.43
TRT002179;ocean;5;3;160;4441.62;3403.5
TRT002180;ocean;50;18;119;3514.07;4021.37
TRT002181;ocean;12;30;158;1800.95;783.73
TRT002182;ocean;29;60;150;4325.3;1480.08
TRT002183;ocean;27;12;169;3393.57;845.62
TRT002184;ocean;53;26;171;5090.85;374.63
TRT002185;ocean;54;62;152;3342.32;1204.27
TRT002186;ocean;37;29;151;2228.45;2768.95
TRT002187;ocean;54;10;128;378.09;2192.25
TRT002188;ocean;8;11;148;2637.52;4230.01
TRT002189;ocean;2;32;142;3251.77;2035.55
TRT002190;ocean;9;45;121;2569.84;4843.05
TRT002191;ocean;20;21;164;6848.13;2213.29
TRT002192;ocean;2;18;152;5993.01;4339.1
TRT002193;ocean;28;51;169;3988.71;2688.47
TRT002194;ocean;5;37;177;4668.32;984.29
TRT002195;ocean;6;50;151;6271.87;1164.46
TRT002196;ocean;7;73;162;2207.58;1909.66
TRT002197;ocean;28;46;114;2587.62;3311.9
TRT002198;ocean;6;78;125;514.3;652.83
TRT002199;ocean;47;61;115;4316.4;3981.2
TRT002200;ocean;1;55;175;1068.93;3416.59
TRT002201;ocean;51;58;156;5842.79;272.11
TRT002202;ocean;29;56;111;3446.66;2338.53
TRT002203;ocean;11;24;102;3916.33;130.54
TRT002204;ocean;34;64;107;2661.87;2074.42
TRT002205;ocean;54;36;161;126.94;2388.94
TRT002206;ocean;50;50;151;6721.74;4775.05
TRT002207;ocean;42;52;120;136.23;2029.61
TRT002208;ocean;8;65;127;1001.56;4188.94
TRT002209;ocean;39;25;178;205.79;4358.37
TRT002210;ocean;47;61;113;3405.9;4364.85